Name	C_inv	C_maint	C_op
NUCLEAR	15359.466323	6175.858841	0.000000
CCGT	1479.948948	528.273477	0.000000
CCGT_AMMONIA	0.002653	0.000947	0.000000
COAL_US	0.000000	0.000000	0.000000
COAL_IGCC	0.000000	0.000000	0.000000
PV	1490.001564	2927.867996	0.000000
WIND_ONSHORE	5571.459835	996.141100	0.000000
WIND_OFFSHORE	0.643331	0.068807	0.000000
HYDRO_RIVER	5663.685963	1109.785142	0.000000
GEOTHERMAL	0.000000	0.000000	0.000000
IND_COGEN_GAS	0.002300	0.002084	0.000000
IND_COGEN_WOOD	0.003746	0.001933	0.000000
IND_COGEN_WASTE	0.003187	0.001656	0.000000
IND_BOILER_GAS	0.001938	0.000438	0.000000
IND_BOILER_WOOD	76.864922	17.331001	0.000000
IND_BOILER_OIL	0.001898	0.000460	0.000000
IND_BOILER_COAL	0.000000	0.000000	0.000000
IND_BOILER_WASTE	113.374259	25.562888	0.000000
IND_DIRECT_ELEC	579.974774	27.308939	0.000000
DHN_HP_ELEC	494.276061	236.218348	0.000000
DHN_COGEN_GAS	0.004068	0.001677	0.000000
DHN_COGEN_WOOD	0.002285	0.001179	0.000000
DHN_COGEN_WASTE	0.002667	0.001386	0.000000
DHN_COGEN_WET_BIOMASS	0.001302	0.001494	0.000000
DHN_COGEN_BIO_HYDROLYSIS	0.003249	0.001648	0.000000
DHN_BOILER_GAS	0.000426	0.000096	0.000000
DHN_BOILER_WOOD	0.000691	0.000156	0.000000
DHN_BOILER_OIL	0.000383	0.000093	0.000000
DHN_DEEP_GEO	0.000000	0.000000	0.000000
DHN_SOLAR	0.002068	0.000037	0.000000
DEC_HP_ELEC	7873.372601	3837.410891	0.000000
DEC_THHP_GAS	0.007283	0.002653	0.000000
DEC_COGEN_GAS	0.004589	0.003676	0.000000
DEC_COGEN_OIL	0.003932	0.003007	0.000000
DEC_ADVCOGEN_GAS	0.006012	0.001396	0.000000
DEC_ADVCOGEN_H2	0.005615	0.001304	0.000000
DEC_BOILER_GAS	0.003662	0.001239	0.000000
DEC_BOILER_WOOD	0.012613	0.004976	0.000000
DEC_BOILER_OIL	0.002867	0.001938	0.000000
DEC_SOLAR	0.058344	0.008067	0.000000
DEC_DIRECT_ELEC	0.006288	0.000285	0.000000
TRAMWAY_TROLLEY	662.296960	203.622552	0.000000
BUS_COACH_DIESEL	2341.589783	1284.994566	0.000000
BUS_COACH_HYDIESEL	0.005242	0.002205	0.000000
BUS_COACH_CNG_STOICH	1790.434864	970.613206	0.000000
BUS_COACH_FC_HYBRIDH2	0.001250	0.000364	0.000000
TRAIN_PUB	129.148101	79.978446	0.000000
CAR_GASOLINE	0.000709	0.000444	0.000000
CAR_DIESEL	0.001318	0.000799	0.000000
CAR_NG	0.001270	0.000769	0.000000
CAR_METHANOL	0.000517	0.000324	0.000000
CAR_HEV	0.000488	0.000407	0.000000
CAR_PHEV	0.156974	0.117006	0.000000
CAR_BEV	96307.500997	16289.784683	0.000000
CAR_FUEL_CELL	0.013794	0.001348	0.000000
PLANE	0.000000	0.000000	0.000000
BOAT_FREIGHT_DIESEL	0.005030	0.004564	0.000000
BOAT_FREIGHT_NG	85.230681	76.382654	0.000000
BOAT_FREIGHT_METHANOL	0.001954	0.001772	0.000000
TRAIN_FREIGHT	111.058389	38.111598	0.000000
TRUCK_DIESEL	0.000985	0.000540	0.000000
TRUCK_METHANOL	0.001828	0.001003	0.000000
TRUCK_FUEL_CELL	5035.378919	1466.095969	0.000000
TRUCK_ELEC	0.001123	0.000307	0.000000
TRUCK_NG	0.000114	0.000062	0.000000
HABER_BOSCH	414.020696	100.877793	0.000000
CO2_TO_METHANOL	0.002018	0.001006	0.000000
E_WOOD_TO_METHANOL	439.021964	218.847362	0.000000
METHANE_TO_METHANOL	0.002151	0.001213	0.000000
OIL_TO_HVC	87.145800	4.808974	0.000000
GAS_TO_HVC	0.002028	0.000715	0.000000
BIOMASS_TO_HVC	562.809351	209.248493	0.000000
METHANOL_TO_HVC	190.100715	213.215556	0.000000
PHS	17.714776	0.000000	0.000000
BATT_LI	0.015481	0.000248	0.000000
BEV_BATT	0.000000	0.000000	0.000000
PHEV_BATT	0.000000	0.000000	0.000000
TS_DEC_DIRECT_ELEC	0.010045	0.000876	0.000000
TS_DEC_HP_ELEC	345.243533	30.120362	0.000000
TS_DEC_THHP_GAS	0.009305	0.000812	0.000000
TS_DEC_COGEN_GAS	0.009288	0.000810	0.000000
TS_DEC_COGEN_OIL	0.009297	0.000811	0.000000
TS_DEC_ADVCOGEN_GAS	0.009288	0.000810	0.000000
TS_DEC_ADVCOGEN_H2	0.009288	0.000810	0.000000
TS_DEC_BOILER_GAS	0.009308	0.000812	0.000000
TS_DEC_BOILER_WOOD	0.009316	0.000813	0.000000
TS_DEC_BOILER_OIL	0.009329	0.000814	0.000000
TS_DHN_DAILY	0.009498	0.000467	0.000000
TS_DHN_SEASONAL	968.353638	74.536671	0.000000
TS_HIGH_TEMP	0.000000	0.000000	0.000000
GAS_STORAGE	0.000000	35.862531	0.000000
H2_STORAGE	0.000000	20.619561	0.000000
DIESEL_STORAGE	0.000000	18.742414	0.000000
GASOLINE_STORAGE	0.000000	18.722830	0.000000
LFO_STORAGE	0.000000	20.539711	0.000000
AMMONIA_STORAGE	0.000000	19.431568	0.000000
METHANOL_STORAGE	0.000000	19.996744	0.000000
CO2_STORAGE	0.000000	7.546396	0.000000
JETFUEL_STORAGE	0.000000	5.766841	0.000000
WOOD_STORAGE	0.000000	11.580343	0.000000
EFFICIENCY	5600.000000	0.000000	0.000000
DHN	799.363784	0.000000	0.000000
GRID	9172.204081	0.000000	0.000000
ALKALINE_ELECTROLYSIS	3146.750332	1568.618581	0.000000
HT_ELECTROLYSIS	30.829508	15.368153	0.000000
SMR	0.001457	0.001894	0.000000
BIO_HYDROLYSIS	1715.256707	1213.871594	0.000000
H2_BIOMASS	0.002307	0.002291	0.000000
WOOD_TO_METHANE	0.003504	0.001747	0.000000
CO2_TO_METHANE	0.001840	0.000917	0.000000
E_WOOD_TO_METHANE	99.733098	49.715794	0.000000
BIOMETHANATION	0.002295	0.001144	0.000000
PYROLYSIS_TO_LFO	0.007570	0.004268	0.000000
PYROLYSIS_TO_FUELS	0.003625	0.002044	0.000000
ATM_CCS	0.000000	0.000000	0.000000
INDUSTRY_CCS	342.253853	234.910537	0.000000
WOOD_TO_METHANOL	0.003322	0.001656	0.000000
AMMONIA_TO_H2	0.001188	0.001546	0.000000
E_WOOD_TO_FT	4298.834946	2142.919413	0.000000
WOOD_TO_FT	0.005988	0.002985	0.000000
CO2_TO_FT	0.003181	0.001585	0.000000
REFINERY_JETFUEL	0.000000	0.000000	0.000000
REFINERY_GASOLINE	0.000000	0.000000	0.000000
REFINERY_DIESEL	0.000000	0.000000	0.000000
CEMENT_PROCESS	0.000000	0.000000	0.000000
NATURAL_CO2_SEQUESTRATION	0.000000	0.000000	0.000000
AGRICULTURE_EMISSIONS	0.000000	0.000000	0.000000
BIOMASS_SEQUESTRATION	0.000000	0.000000	0.000000
DAC_HT	0.002849	0.001486	0.000000
DAC_LT	0.003206	0.001598	0.000000
WOOD_GROWTH	0.000000	0.000000	0.000000
WET_BIOMASS_GROWTH	0.000000	0.000000	0.000000
SEQUESTRATION	0.000000	88.775966	0.000000
GHG_EMISSIONS	0.000000	0.000000	0.000000
ELECTRICITY	0.000000	0.000000	0.000000
GASOLINE	0.000000	0.000000	0.000000
DIESEL	0.000000	0.000000	0.000000
BIOETHANOL	0.000000	0.000000	0.000000
BIODIESEL	0.000000	0.000000	0.000000
LFO	0.000000	0.000000	0.000000
GAS	0.000000	0.000000	0.000000
JETFUEL_RE	0.000000	0.000000	0.000000
JETFUEL	0.000000	0.000000	2730.000013
FT_FUEL	0.000000	0.000000	0.000000
GAS_RE	0.000000	0.000000	0.000000
WOOD	0.000000	0.000000	0.000000
WET_BIOMASS	0.000000	0.000000	0.000000
COAL	0.000000	0.000000	0.000000
URANIUM	0.000000	0.000000	5087.405344
WASTE	0.000000	0.000000	1800.965927
H2	0.000000	0.000000	0.000000
H2_RE	0.000000	0.000000	0.000000
AMMONIA	0.000000	0.000000	0.000000
METHANOL	0.000000	0.000000	0.000000
AMMONIA_RE	0.000000	0.000000	0.000000
METHANOL_RE	0.000000	0.000000	0.000000
ELEC_EXPORT	0.000000	0.000000	0.000000
CO2_EMISSIONS	0.000000	0.000000	0.000000
RES_WIND	0.000000	0.000000	0.000000
RES_SOLAR	0.000000	0.000000	0.000000
RES_HYDRO	0.000000	0.000000	0.000000
RES_GEO	0.000000	0.000000	0.000000
CO2_ATMOSPHERE	0.000000	0.000000	0.000000
CO2_CENTRALISED	0.000000	0.000000	0.000000
CO2_CAPTURED	0.000000	0.000000	0.000000
CO2_DECENTRALISED	0.000000	0.000000	0.000000
OTHER_GHG	0.000000	0.000000	0.000000
OLIVE_PITS	0.000000	0.000000	0.936606
APPLES	0.000000	0.000000	0.024439
CEREALSTRAW	0.000000	0.000000	383.968503
CHERRIES	0.000000	0.000000	7.659389
MAIZESTRAW	0.000000	0.000000	90.672416
OLIVES	0.000000	0.000000	0.009100
OSR	0.000000	0.000000	43.704411
RICESTRAW	0.000000	0.000000	3.391003
VINEYARDS	0.000000	0.000000	46.730124
MISCANTHUS	0.000000	0.000000	0.014042
SWITCHGRASS	0.000000	0.000000	0.017897
WILLOW	0.000000	0.000000	0.005599
POPLAR	0.000000	0.000000	0.004133
CP_RES	0.000000	0.000000	1560.614287
FUELWOOD_RES	0.000000	0.000000	459.105726
LANDSCAPECARE	0.000000	0.000000	296.354326
MSW	0.000000	0.000000	7.218956
FUELWOODRW	0.000000	0.000000	353.096724
OTHERSECRESID	0.000000	0.000000	84.729613
SAWDUST	0.000000	0.000000	1.100001
CP_RW	0.000000	0.000000	253.730977
GRASS_FOR_BIOGAS	0.000000	0.000000	2.229980
MAIZE_SILAGE	0.000000	0.000000	8.849082
SUGARBEETTOPS	0.000000	0.000000	5.975991
MANURE_LIQ	0.000000	0.000000	212.098422
MANURE_SOL	0.000000	0.000000	2691.645455
SLUDGE	0.000000	0.000000	0.071137
