Name	C_inv	C_maint	C_op
NUCLEAR	15359.465247	6175.858408	0.000000
CCGT	1775.225923	633.673730	0.000000
CCGT_AMMONIA	0.001008	0.000360	0.000000
COAL_US	0.000000	0.000000	0.000000
COAL_IGCC	0.000000	0.000000	0.000000
PV	1490.001358	2927.867590	0.000000
WIND_ONSHORE	5571.459663	996.141070	0.000000
WIND_OFFSHORE	0.020212	0.002162	0.000000
HYDRO_RIVER	1939.298193	380.000645	0.000000
GEOTHERMAL	0.000000	0.000000	0.000000
IND_COGEN_GAS	0.001012	0.000917	0.000000
IND_COGEN_WOOD	0.001989	0.001026	0.000000
IND_COGEN_WASTE	0.001497	0.000778	0.000000
IND_BOILER_GAS	0.000764	0.000173	0.000000
IND_BOILER_WOOD	117.116167	26.406589	0.000000
IND_BOILER_OIL	0.000749	0.000182	0.000000
IND_BOILER_COAL	0.000000	0.000000	0.000000
IND_BOILER_WASTE	125.469847	28.290123	0.000000
IND_DIRECT_ELEC	739.176862	34.805196	0.000000
DHN_HP_ELEC	515.058148	246.150268	0.000000
DHN_COGEN_GAS	0.002241	0.000923	0.000000
DHN_COGEN_WOOD	0.001337	0.000690	0.000000
DHN_COGEN_WASTE	0.001335	0.000694	0.000000
DHN_COGEN_WET_BIOMASS	0.000629	0.000722	0.000000
DHN_COGEN_BIO_HYDROLYSIS	0.001511	0.000767	0.000000
DHN_BOILER_GAS	0.000179	0.000040	0.000000
DHN_BOILER_WOOD	0.000408	0.000092	0.000000
DHN_BOILER_OIL	0.000162	0.000039	0.000000
DHN_DEEP_GEO	0.000000	0.000000	0.000000
DHN_SOLAR	0.000922	0.000017	0.000000
DEC_HP_ELEC	7873.161445	3837.307975	0.000000
DEC_THHP_GAS	0.008251	0.003005	0.000000
DEC_COGEN_GAS	0.002158	0.001728	0.000000
DEC_COGEN_OIL	0.001988	0.001520	0.000000
DEC_ADVCOGEN_GAS	0.002652	0.000616	0.000000
DEC_ADVCOGEN_H2	0.002390	0.000555	0.000000
DEC_BOILER_GAS	0.001460	0.000494	0.000000
DEC_BOILER_WOOD	0.228558	0.090164	0.000000
DEC_BOILER_OIL	0.001131	0.000765	0.000000
DEC_SOLAR	0.084160	0.011637	0.000000
DEC_DIRECT_ELEC	0.002467	0.000112	0.000000
TRAMWAY_TROLLEY	662.296945	203.622547	0.000000
BUS_COACH_DIESEL	1417.336506	777.791961	0.000000
BUS_COACH_HYDIESEL	0.000348	0.000146	0.000000
BUS_COACH_CNG_STOICH	2802.912218	1519.487621	0.000000
BUS_COACH_FC_HYBRIDH2	0.000069	0.000020	0.000000
TRAIN_PUB	0.000750	0.000464	0.000000
CAR_GASOLINE	0.000525	0.000329	0.000000
CAR_DIESEL	0.000342	0.000207	0.000000
CAR_NG	0.000899	0.000545	0.000000
CAR_METHANOL	0.000314	0.000197	0.000000
CAR_HEV	0.000246	0.000205	0.000000
CAR_PHEV	0.061143	0.045575	0.000000
CAR_BEV	96307.566742	16289.795803	0.000000
CAR_FUEL_CELL	0.006346	0.000620	0.000000
PLANE	0.000000	0.000000	0.000000
BOAT_FREIGHT_DIESEL	0.002511	0.002278	0.000000
BOAT_FREIGHT_NG	85.234309	76.385905	0.000000
BOAT_FREIGHT_METHANOL	0.001022	0.000927	0.000000
TRAIN_FREIGHT	111.058408	38.111605	0.000000
TRUCK_DIESEL	931.917552	511.404451	0.000000
TRUCK_METHANOL	0.001363	0.000748	0.000000
TRUCK_FUEL_CELL	3893.164403	1133.529915	0.000000
TRUCK_ELEC	0.002663	0.000728	0.000000
TRUCK_NG	0.000072	0.000039	0.000000
HABER_BOSCH	417.296353	101.675920	0.000000
CO2_TO_METHANOL	0.000767	0.000382	0.000000
E_WOOD_TO_METHANOL	93.203834	46.461031	0.000000
METHANE_TO_METHANOL	0.000846	0.000477	0.000000
OIL_TO_HVC	87.145581	4.808962	0.000000
GAS_TO_HVC	0.000768	0.000271	0.000000
BIOMASS_TO_HVC	1356.205677	504.227574	0.000000
METHANOL_TO_HVC	0.001503	0.001685	0.000000
PHS	17.714773	0.000000	0.000000
BATT_LI	0.006381	0.000102	0.000000
BEV_BATT	0.000000	0.000000	0.000000
PHEV_BATT	0.000000	0.000000	0.000000
TS_DEC_DIRECT_ELEC	0.003490	0.000304	0.000000
TS_DEC_HP_ELEC	373.356325	32.573030	0.000000
TS_DEC_THHP_GAS	0.003158	0.000276	0.000000
TS_DEC_COGEN_GAS	0.003165	0.000276	0.000000
TS_DEC_COGEN_OIL	0.003168	0.000276	0.000000
TS_DEC_ADVCOGEN_GAS	0.003168	0.000276	0.000000
TS_DEC_ADVCOGEN_H2	0.003168	0.000276	0.000000
TS_DEC_BOILER_GAS	0.003174	0.000277	0.000000
TS_DEC_BOILER_WOOD	0.006245	0.000545	0.000000
TS_DEC_BOILER_OIL	0.003178	0.000277	0.000000
TS_DHN_DAILY	0.003187	0.000157	0.000000
TS_DHN_SEASONAL	852.804913	65.642589	0.000000
TS_HIGH_TEMP	0.000000	0.000000	0.000000
GAS_STORAGE	0.000000	33.988867	0.000000
H2_STORAGE	0.000000	19.230548	0.000000
DIESEL_STORAGE	0.000000	17.673221	0.000000
GASOLINE_STORAGE	0.000000	17.668679	0.000000
LFO_STORAGE	0.000000	19.345189	0.000000
AMMONIA_STORAGE	0.000000	18.350463	0.000000
METHANOL_STORAGE	0.000000	18.867139	0.000000
CO2_STORAGE	0.000000	6.986539	0.000000
JETFUEL_STORAGE	0.000000	5.343378	0.000000
WOOD_STORAGE	0.000000	10.744498	0.000000
EFFICIENCY	5600.000000	0.000000	0.000000
DHN	831.894818	0.000000	0.000000
GRID	9172.169933	0.000000	0.000000
ALKALINE_ELECTROLYSIS	1333.497873	664.733239	0.000000
HT_ELECTROLYSIS	1665.173227	830.069560	0.000000
SMR	0.000588	0.000765	0.000000
BIO_HYDROLYSIS	1715.258527	1213.872882	0.000000
H2_BIOMASS	0.001029	0.001022	0.000000
WOOD_TO_METHANE	0.001602	0.000799	0.000000
CO2_TO_METHANE	0.000676	0.000337	0.000000
E_WOOD_TO_METHANE	354.984452	176.955636	0.000000
BIOMETHANATION	0.001029	0.000513	0.000000
PYROLYSIS_TO_LFO	0.004178	0.002355	0.000000
PYROLYSIS_TO_FUELS	0.002041	0.001151	0.000000
ATM_CCS	0.000000	0.000000	0.000000
INDUSTRY_CCS	342.252185	234.909392	0.000000
WOOD_TO_METHANOL	0.001379	0.000688	0.000000
AMMONIA_TO_H2	0.000440	0.000572	0.000000
E_WOOD_TO_FT	4298.840688	2142.922275	0.000000
WOOD_TO_FT	0.003185	0.001588	0.000000
CO2_TO_FT	0.001155	0.000576	0.000000
REFINERY_JETFUEL	0.000000	0.000000	0.000000
REFINERY_GASOLINE	0.000000	0.000000	0.000000
REFINERY_DIESEL	0.000000	0.000000	0.000000
CEMENT_PROCESS	0.000000	0.000000	0.000000
NATURAL_CO2_SEQUESTRATION	0.000000	0.000000	0.000000
AGRICULTURE_EMISSIONS	0.000000	0.000000	0.000000
BIOMASS_SEQUESTRATION	0.000000	0.000000	0.000000
DAC_HT	0.001144	0.000597	0.000000
DAC_LT	0.001298	0.000647	0.000000
WOOD_GROWTH	0.000000	0.000000	0.000000
WET_BIOMASS_GROWTH	0.000000	0.000000	0.000000
SEQUESTRATION	0.000000	88.775929	0.000000
GHG_EMISSIONS	0.000000	0.000000	0.000000
ELECTRICITY	0.000000	0.000000	0.000000
GASOLINE	0.000000	0.000000	0.000000
DIESEL	0.000000	0.000000	0.000000
BIOETHANOL	0.000000	0.000000	0.000000
BIODIESEL	0.000000	0.000000	0.000000
LFO	0.000000	0.000000	0.000000
GAS	0.000000	0.000000	0.000000
JETFUEL_RE	0.000000	0.000000	0.000000
JETFUEL	0.000000	0.000000	2730.000001
FT_FUEL	0.000000	0.000000	0.000000
GAS_RE	0.000000	0.000000	0.000000
WOOD	0.000000	0.000000	0.000000
WET_BIOMASS	0.000000	0.000000	0.000000
COAL	0.000000	0.000000	0.000000
URANIUM	0.000000	0.000000	5087.405003
WASTE	0.000000	0.000000	1800.965900
H2	0.000000	0.000000	0.000000
H2_RE	0.000000	0.000000	0.000000
AMMONIA	0.000000	0.000000	0.000000
METHANOL	0.000000	0.000000	0.000000
AMMONIA_RE	0.000000	0.000000	0.000000
METHANOL_RE	0.000000	0.000000	0.000000
ELEC_EXPORT	0.000000	0.000000	0.000000
CO2_EMISSIONS	0.000000	0.000000	0.000000
RES_WIND	0.000000	0.000000	0.000000
RES_SOLAR	0.000000	0.000000	0.000000
RES_HYDRO	0.000000	0.000000	0.000000
RES_GEO	0.000000	0.000000	0.000000
CO2_ATMOSPHERE	0.000000	0.000000	0.000000
CO2_CENTRALISED	0.000000	0.000000	0.000000
CO2_CAPTURED	0.000000	0.000000	0.000000
CO2_DECENTRALISED	0.000000	0.000000	0.000000
OTHER_GHG	0.000000	0.000000	0.000000
OLIVE_PITS	0.000000	0.000000	0.936587
APPLES	0.000000	0.000000	0.007962
CEREALSTRAW	0.000000	0.000000	383.968504
CHERRIES	0.000000	0.000000	7.659380
MAIZESTRAW	0.000000	0.000000	90.672404
OLIVES	0.000000	0.000000	0.004994
OSR	0.000000	0.000000	43.704403
RICESTRAW	0.000000	0.000000	3.390991
VINEYARDS	0.000000	0.000000	46.730102
MISCANTHUS	0.000000	0.000000	0.024283
SWITCHGRASS	0.000000	0.000000	62.090971
WILLOW	0.000000	0.000000	0.002681
POPLAR	0.000000	0.000000	0.002147
CP_RES	0.000000	0.000000	1560.615688
FUELWOOD_RES	0.000000	0.000000	459.105705
LANDSCAPECARE	0.000000	0.000000	296.354310
MSW	0.000000	0.000000	7.218956
FUELWOODRW	0.000000	0.000000	353.096705
OTHERSECRESID	0.000000	0.000000	84.729603
SAWDUST	0.000000	0.000000	1.100000
CP_RW	0.000000	0.000000	1962.940358
GRASS_FOR_BIOGAS	0.000000	0.000000	2.229976
MAIZE_SILAGE	0.000000	0.000000	8.849075
SUGARBEETTOPS	0.000000	0.000000	5.975982
MANURE_LIQ	0.000000	0.000000	212.097897
MANURE_SOL	0.000000	0.000000	2691.645378
SLUDGE	0.000000	0.000000	0.071252
