TECHNOLOGIES	 c_inv	 c_maint	 lifetime	  f_min	 f	 f_max	 fmin_perc	f_perc	 fmax_perc	 c_p	 c_p_max	 tau	 gwp_constr
 UNITS	[M€/GW]	 [M€/GW/y]	 [y]	 [GW or GWh]	 [GW or GWh]	 [GW or GWh]	 [0-1]	 [0-1]	 [0-1]	 [0-1]	 [0-1]	 [-]	 [ktCO2-eq./GW or GWh] 
NUCLEAR	290743.761787	6175.858348	60.000000	0.000000	59.999992	60.000000	0.000000	0.472315	1.000000	0.843906	0.843906	0.052828	42472.794418
CCGT	25447.032924	644.490715	25.000000	4.000000	30.809038	Infinity	0.000000	0.035146	1.000000	0.122296	0.955769	0.070952	5662.393071
CCGT_AMMONIA	0.059710	0.001512	25.000000	0.000000	0.000072	Infinity	0.000000	0.000000	1.000000	0.057691	0.590000	0.070952	0.013286
COAL_US	0.000000	0.000000	35.000000	0.000000	0.000000	Infinity	0.000000	0.000000	1.000000	0.000000	0.862792	0.061072	0.000000
COAL_IGCC	0.000000	0.000000	35.000000	0.000000	0.000000	Infinity	0.000000	0.000000	1.000000	0.000000	0.850864	0.061072	0.000000
PV	20999.993599	2927.867181	25.000000	0.000000	209.999936	210.000000	0.000000	0.286869	1.000000	0.146446	1.000000	0.070952	267749.918385
WIND_ONSHORE	85646.996800	996.141139	30.000000	0.000000	74.999997	75.000000	0.000000	0.181513	1.000000	0.259454	1.000000	0.065051	46713.748255
WIND_OFFSHORE	0.616958	0.004292	30.000000	0.000000	0.000115	60.000000	0.000000	0.000000	1.000000	0.441220	1.000000	0.065051	0.071729
HYDRO_RIVER	29811.168698	298.085676	80.000000	0.000000	5.909146	22.000000	0.000000	0.024156	1.000000	0.438238	1.000000	0.051030	7462.187717
GEOTHERMAL	0.000000	0.000000	30.000000	0.000000	0.000000	0.000000	0.000000	0.000000	1.000000	0.000000	0.950000	0.065051	0.000000
IND_COGEN_GAS	0.051166	0.003289	25.000000	0.000000	0.000033	Infinity	0.000000	0.000000	1.000000	0.076757	0.844900	0.070952	0.034298
IND_COGEN_WOOD	0.104369	0.003821	25.000000	0.000000	0.000089	Infinity	0.000000	0.000002	1.000000	0.414373	0.844900	0.070952	0.014711
IND_COGEN_WASTE	0.079826	0.002943	25.000000	0.000000	0.000025	Infinity	0.000000	0.000001	1.000000	0.126010	0.844900	0.070952	0.016247
IND_BOILER_GAS	0.033232	0.000666	17.000000	0.000000	0.000470	Infinity	0.000000	0.000001	1.000000	0.021315	0.944300	0.088699	0.005793
IND_BOILER_WOOD	1316.882242	26.336728	17.000000	0.000000	9.527436	Infinity	0.000000	0.399949	1.000000	0.764009	0.894600	0.088699	275.057085
IND_BOILER_OIL	0.032559	0.000700	17.000000	0.000000	0.000495	Infinity	0.000000	0.000001	1.000000	0.019721	0.944300	0.088699	0.006093
IND_BOILER_COAL	0.000000	0.000000	17.000000	0.000000	0.000000	Infinity	0.000000	0.000000	1.000000	0.000000	0.894600	0.088699	0.000000
IND_BOILER_WASTE	1412.109327	28.241203	17.000000	0.000000	10.216389	Infinity	0.000000	0.433056	1.000000	0.771466	0.894600	0.088699	294.947159
IND_DIRECT_ELEC	7655.677135	34.729320	15.000000	0.000000	19.744867	Infinity	0.000000	0.166990	1.000000	0.153924	0.944300	0.096342	29.024954
DHN_HP_ELEC	7324.459667	248.363107	25.000000	0.000000	18.508730	Infinity	0.000000	0.999991	1.000000	0.733437	0.944300	0.070952	3235.140892
DHN_COGEN_GAS	0.109783	0.003210	25.000000	0.000000	0.000081	Infinity	0.000000	0.000001	1.000000	0.161184	0.844900	0.070952	0.039583
DHN_COGEN_WOOD	0.071017	0.002600	25.000000	0.000000	0.000061	Infinity	0.000000	0.000001	1.000000	0.198596	0.844900	0.070952	0.010010
DHN_COGEN_WASTE	0.070155	0.002586	25.000000	0.000000	0.000022	Infinity	0.000000	0.000001	1.000000	0.089811	0.844900	0.070952	0.014279
DHN_COGEN_WET_BIOMASS	0.033139	0.002697	25.000000	0.000000	0.000022	Infinity	0.000000	0.000000	1.000000	0.047389	0.745500	0.070952	0.022750
DHN_COGEN_BIO_HYDROLYSIS	0.059330	0.002899	15.000000	0.000000	0.000012	Infinity	0.000000	0.000000	1.000000	0.058438	0.844900	0.096342	0.007806
DHN_BOILER_GAS	0.007600	0.000152	17.000000	0.000000	0.000108	Infinity	0.000000	0.000001	1.000000	0.069416	0.944300	0.088699	0.001325
DHN_BOILER_WOOD	0.017532	0.000351	17.000000	0.000000	0.000127	Infinity	0.000000	0.000003	1.000000	0.279809	0.894600	0.088699	0.003662
DHN_BOILER_OIL	0.006886	0.000148	17.000000	0.000000	0.000105	Infinity	0.000000	0.000001	1.000000	0.069505	0.944300	0.088699	0.001289
DHN_DEEP_GEO	0.000000	0.000000	30.000000	0.000000	0.000000	0.000000	0.000000	0.000000	1.000000	0.000000	0.844900	0.065051	0.000000
DHN_SOLAR	0.049374	0.000058	30.000000	0.000000	0.000129	Infinity	0.000000	0.000001	1.000000	0.116250	1.000000	0.065051	0.028640
DEC_HP_ELEC	92017.192547	3836.606993	18.000000	0.000000	162.925728	Infinity	0.000000	0.999785	1.000000	0.339385	1.000000	0.085546	26864.823257
DEC_THHP_GAS	0.364530	0.010654	20.000000	0.000000	0.001006	Infinity	0.000000	0.000006	1.000000	0.307654	1.000000	0.080243	0.384228
DEC_COGEN_GAS	0.098961	0.006361	20.000000	0.000000	0.000065	Infinity	0.000000	0.000000	1.000000	0.145589	1.000000	0.080243	0.066336
DEC_COGEN_OIL	0.092219	0.005658	20.000000	0.000000	0.000065	Infinity	0.000000	0.000000	1.000000	0.136200	1.000000	0.080243	0.066669
DEC_ADVCOGEN_GAS	0.123243	0.002297	20.000000	0.000000	0.000013	Infinity	0.000000	0.000000	1.000000	0.032577	1.000000	0.080243	0.029430
DEC_ADVCOGEN_H2	0.111411	0.002076	20.000000	0.000000	0.000012	Infinity	0.000000	0.000000	1.000000	0.026353	1.000000	0.080243	0.026605
DEC_BOILER_GAS	0.064213	0.001927	17.000000	0.000000	0.000338	Infinity	0.000000	0.000000	1.000000	0.052771	1.000000	0.088699	0.007119
DEC_BOILER_WOOD	18.329196	0.641357	17.000000	0.000000	0.033030	Infinity	0.000000	0.000188	1.000000	0.314418	1.000000	0.088699	0.696597
DEC_BOILER_OIL	0.050392	0.003023	17.000000	0.000000	0.000295	Infinity	0.000000	0.000000	1.000000	0.057336	1.000000	0.088699	0.006220
DEC_SOLAR	5.859078	0.065008	20.000000	0.000000	0.007734	20.000000	0.000000	0.000019	1.000000	0.137898	1.000000	0.080243	1.710947
DEC_DIRECT_ELEC	0.098117	0.000429	15.000000	0.000000	0.002250	Infinity	0.000000	0.000001	1.000000	0.015046	1.000000	0.096342	0.003307
TRAMWAY_TROLLEY	10181.127670	203.622553	30.000000	0.000000	16.289804	Infinity	0.000000	0.200000	0.200000	0.342466	0.342466	0.065051	0.000000
BUS_COACH_DIESEL	5511.003670	291.365503	15.000000	0.000000	9.535598	Infinity	0.000000	0.101464	1.000000	0.296804	0.296804	0.096342	0.000000
BUS_COACH_HYDIESEL	0.024828	0.001006	15.000000	0.000000	0.000030	Infinity	0.000000	0.000000	1.000000	0.089219	0.296804	0.096342	0.000000
BUS_COACH_CNG_STOICH	38406.651951	2005.908293	15.000000	0.000000	65.647908	Infinity	0.000000	0.698533	1.000000	0.296804	0.296804	0.096342	0.000000
BUS_COACH_FC_HYBRIDH2	0.011981	0.000336	15.000000	0.000000	0.000011	Infinity	0.000000	0.000000	1.000000	0.018244	0.296804	0.096342	0.000000
TRAIN_PUB	0.275009	0.009925	40.000000	0.000000	0.000183	Infinity	0.000000	0.000002	0.500000	0.282673	0.275073	0.058278	0.000000
CAR_GASOLINE	0.022794	0.001376	15.000000	0.000000	0.000057	Infinity	0.000000	0.000000	1.000000	0.028810	0.051370	0.096342	0.000000
CAR_DIESEL	0.015729	0.000919	15.000000	0.000000	0.000038	Infinity	0.000000	0.000000	1.000000	0.019476	0.051370	0.096342	0.000000
CAR_NG	0.031012	0.001811	15.000000	0.000000	0.000075	Infinity	0.000000	0.000000	1.000000	0.038900	0.051370	0.096342	0.000000
CAR_METHANOL	0.013610	0.000822	15.000000	0.000000	0.000034	Infinity	0.000000	0.000000	1.000000	0.016030	0.051370	0.096342	0.000000
CAR_HEV	0.010212	0.000819	15.000000	0.000000	0.000024	Infinity	0.000000	0.000000	1.000000	0.012359	0.051370	0.096342	0.000000
CAR_PHEV	2.699486	0.193855	15.000000	0.000000	0.005702	Infinity	0.000000	0.000002	1.000000	0.025048	0.051370	0.096342	0.000000
CAR_BEV	999638.175860	16289.772445	15.000000	0.000000	1628.977244	Infinity	0.000000	0.999998	1.000000	0.051370	0.051370	0.096342	0.000000
CAR_FUEL_CELL	0.088873	0.000837	15.000000	0.000000	0.000084	Infinity	0.000000	0.000000	1.000000	0.057591	0.051370	0.096342	0.000000
PLANE	0.000000	0.000000	30.000000	0.000000	21.872146	Infinity	0.000000	1.000000	1.000000	1.000000	1.000000	0.065051	0.000000
BOAT_FREIGHT_DIESEL	0.176838	0.009350	40.000000	0.000000	0.002448	Infinity	0.000000	0.000121	1.000000	0.113263	0.114155	0.058278	0.000000
BOAT_FREIGHT_NG	1462.360026	76.376355	40.000000	0.000000	19.996719	Infinity	0.000000	0.999832	1.000000	0.114155	0.114155	0.058278	0.000000
BOAT_FREIGHT_METHANOL	0.068196	0.003606	40.000000	0.000000	0.000944	Infinity	0.000000	0.000047	1.000000	0.112904	0.114155	0.058278	0.000000
TRAIN_FREIGHT	1905.660704	38.111602	40.000000	0.000000	18.249959	Infinity	0.000000	1.000000	1.000000	0.342466	0.342466	0.058278	0.000000
TRUCK_DIESEL	18948.049649	1001.771057	15.000000	0.000000	53.987662	Infinity	0.000000	0.444344	1.000000	0.092593	0.092593	0.096342	0.000000
TRUCK_METHANOL	0.050139	0.002651	15.000000	0.000000	0.000143	Infinity	0.000000	0.000001	1.000000	0.092490	0.092593	0.096342	0.000000
TRUCK_FUEL_CELL	29041.535648	814.641956	15.000000	0.000000	67.511764	Infinity	0.000000	0.555654	1.000000	0.092593	0.092593	0.096342	0.000000
TRUCK_ELEC	0.152942	0.004028	15.000000	0.000000	0.000174	Infinity	0.000000	0.000001	1.000000	0.084219	0.092593	0.096342	0.000000
TRUCK_NG	0.002679	0.000140	15.000000	0.000000	0.000008	Infinity	0.000000	0.000000	1.000000	0.006813	0.092593	0.096342	0.000000
HABER_BOSCH	5243.064788	102.509394	20.000000	0.000000	5.439033	Infinity	0.000000	1.000000	1.000000	0.798498	0.994000	0.080243	0.000000
CO2_TO_METHANOL	0.039470	0.001579	20.000000	0.000000	0.000049	Infinity	0.000000	0.000009	1.000000	0.093488	0.944300	0.080243	0.000000
E_WOOD_TO_METHANOL	1161.667800	46.466712	20.000000	0.000000	0.998855	Infinity	0.000000	0.999982	1.000000	0.993999	0.994000	0.080243	0.000000
METHANE_TO_METHANOL	0.048870	0.001955	25.000000	0.000000	0.000032	Infinity	0.000000	0.000008	1.000000	0.083872	0.844900	0.070952	0.000000
OIL_TO_HVC	904.549554	4.809006	15.000000	0.000000	2.012122	Infinity	0.000000	0.282773	1.000000	0.993994	0.994000	0.096342	0.000000
GAS_TO_HVC	0.044906	0.001123	25.000000	0.000000	0.000049	Infinity	0.000000	0.000000	1.000000	0.032758	0.994000	0.070952	0.000000
BIOMASS_TO_HVC	16901.158119	504.222732	20.000000	0.000000	5.103469	Infinity	0.000000	0.717219	1.000000	0.994000	0.994000	0.080243	0.000000
METHANOL_TO_HVC	0.068247	0.006142	20.000000	0.000000	0.000086	Infinity	0.000000	0.000008	1.000000	0.564735	0.994000	0.080243	0.000000
PHS	323.399108	0.000000	50.000000	5.000000	5.499985	5.500000	0.000000	-1.000000	1.000000	0.026998	1.000000	0.054777	
BATT_LI	0.244877	0.000379	15.000000	0.000000	0.000488	Infinity	0.000000	-1.000000	1.000000	0.027891	1.000000	0.096342	
BEV_BATT	0.000000	0.000000	1.000000	0.000000	1616.048854	Infinity	0.000000	-1.000000	1.000000	0.002350	1.000000	1.050000	
PHEV_BATT	0.000000	0.000000	1.000000	0.000000	0.001131	Infinity	0.000000	-1.000000	1.000000	0.007041	1.000000	1.050000	
TS_DEC_DIRECT_ELEC	0.175433	0.001228	20.000000	0.000000	0.009248	Infinity	0.000000	-1.000000	1.000000	0.002713	1.000000	0.080243	
TS_DEC_HP_ELEC	4736.772632	33.160579	20.000000	0.000000	249.698083	Infinity	0.000000	-1.000000	1.000000	0.034039	1.000000	0.080243	
TS_DEC_THHP_GAS	0.172764	0.001209	20.000000	0.000000	0.009107	Infinity	0.000000	-1.000000	1.000000	0.002898	1.000000	0.080243	
TS_DEC_COGEN_GAS	0.172328	0.001206	20.000000	0.000000	0.009084	Infinity	0.000000	-1.000000	1.000000	0.001030	1.000000	0.080243	
TS_DEC_COGEN_OIL	0.172617	0.001208	20.000000	0.000000	0.009099	Infinity	0.000000	-1.000000	1.000000	0.001094	1.000000	0.080243	
TS_DEC_ADVCOGEN_GAS	0.172175	0.001205	20.000000	0.000000	0.009076	Infinity	0.000000	-1.000000	1.000000	0.000841	1.000000	0.080243	
TS_DEC_ADVCOGEN_H2	0.172070	0.001205	20.000000	0.000000	0.009071	Infinity	0.000000	-1.000000	1.000000	0.000805	1.000000	0.080243	
TS_DEC_BOILER_GAS	0.173202	0.001213	20.000000	0.000000	0.009130	Infinity	0.000000	-1.000000	1.000000	0.001176	1.000000	0.080243	
TS_DEC_BOILER_WOOD	0.459592	0.003217	20.000000	0.000000	0.024227	Infinity	0.000000	-1.000000	1.000000	0.036229	1.000000	0.080243	
TS_DEC_BOILER_OIL	0.173744	0.001216	20.000000	0.000000	0.009159	Infinity	0.000000	-1.000000	1.000000	0.001224	1.000000	0.080243	
TS_DHN_DAILY	0.243330	0.000698	40.000000	0.000000	0.081110	Infinity	0.000000	-1.000000	1.000000	0.000470	1.000000	0.058278	
TS_DHN_SEASONAL	11956.535869	65.299344	25.000000	0.000000	20265.315032	Infinity	0.000000	-1.000000	1.000000	0.000175	1.000000	0.070952	
TS_HIGH_TEMP	0.000000	0.000000	25.000000	0.000000	0.000000	0.000000	0.000000	-1.000000	1.000000	0.000000	1.000000	0.070952	
GAS_STORAGE	0.000000	34.692120	50.000000	0.000000	34692119.910760	Infinity	0.000000	-1.000000	1.000000	0.000000	1.000000	0.054777	
H2_STORAGE	0.000000	19.748976	20.000000	0.000000	19748975.719149	1000000000.000000	0.000000	-1.000000	1.000000	0.000000	1.000000	0.080243	
DIESEL_STORAGE	0.000000	18.079618	20.000000	0.000000	18079617.908605	Infinity	0.000000	-1.000000	1.000000	0.000000	1.000000	0.080243	
GASOLINE_STORAGE	0.000000	18.079526	20.000000	0.000000	18079526.109418	Infinity	0.000000	-1.000000	1.000000	0.000000	1.000000	0.080243	
LFO_STORAGE	0.000000	19.784925	20.000000	0.000000	19784924.788277	Infinity	0.000000	-1.000000	1.000000	0.000000	1.000000	0.080243	
AMMONIA_STORAGE	0.000000	18.813211	20.000000	0.000000	18813211.224136	Infinity	0.000000	-1.000000	1.000000	0.000000	1.000000	0.080243	
METHANOL_STORAGE	0.000000	19.319543	20.000000	0.000000	19319543.085080	Infinity	0.000000	-1.000000	1.000000	0.000000	1.000000	0.080243	
CO2_STORAGE	0.000000	7.147374	30.000000	0.000000	7147374.210296	Infinity	0.000000	-1.000000	1.000000	0.000000	1.000000	0.065051	
JETFUEL_STORAGE	0.000000	5.460911	30.000000	0.000000	5460910.749118	Infinity	0.000000	-1.000000	1.000000	0.000000	1.000000	0.065051	
WOOD_STORAGE	0.000000	10.976853	30.000000	0.000000	10976853.328667	Infinity	0.000000	-1.000000	1.000000	0.000000	1.000000	0.065051	
EFFICIENCY	5333.333333	0.000000	1.000000	0.000000	0.952381	Infinity	0.000000	-1.000000	1.000000	0.000000	1.000000	1.050000	
DHN	15888.701040	0.000000	60.000000	0.000000	19.238510	Infinity	0.000000	-1.000000	1.000000	0.000000	1.000000	0.052828	
GRID	179742.077783	0.000000	80.000000	0.000000	2.399150	Infinity	0.000000	-1.000000	1.000000	0.000000	1.000000	0.051030	
ALKALINE_ELECTROLYSIS	16181.678219	647.267129	20.000000	0.000000	26.969464	Infinity	0.000000	-1.000000	1.000000	0.339512	0.894600	0.080243	
HT_ELECTROLYSIS	20579.543717	823.181749	20.000000	0.000000	25.097005	Infinity	0.000000	-1.000000	1.000000	0.699896	0.894600	0.080243	
SMR	0.033869	0.003125	25.000000	0.000000	0.000044	Infinity	0.000000	-1.000000	1.000000	0.115771	0.854840	0.070952	
BIO_HYDROLYSIS	17803.700168	1213.866283	15.000000	0.000000	9.826743	Infinity	0.000000	-1.000000	1.000000	0.844900	0.844900	0.096342	
H2_BIOMASS	0.057772	0.004070	25.000000	0.000000	0.000012	Infinity	0.000000	-1.000000	1.000000	0.062807	0.854840	0.070952	
WOOD_TO_METHANE	0.078365	0.003135	20.000000	0.000000	0.000031	Infinity	0.000000	-1.000000	1.000000	0.187016	0.844900	0.080243	
CO2_TO_METHANE	0.034185	0.001367	20.000000	0.000000	0.000059	Infinity	0.000000	-1.000000	1.000000	0.081823	0.844900	0.080243	
E_WOOD_TO_METHANE	6004.345772	240.173831	20.000000	0.000000	7.277995	Infinity	0.000000	-1.000000	1.000000	0.844900	0.844900	0.080243	
BIOMETHANATION	0.050394	0.002016	20.000000	0.000000	0.000045	Infinity	0.000000	-1.000000	1.000000	0.152422	0.844900	0.080243	
PYROLYSIS_TO_LFO	0.218118	0.008725	25.000000	0.000000	0.000085	Infinity	0.000000	-1.000000	1.000000	0.713224	0.844900	0.070952	
PYROLYSIS_TO_FUELS	0.108754	0.004350	25.000000	0.000000	0.000042	Infinity	0.000000	-1.000000	1.000000	0.284120	0.844900	0.070952	
ATM_CCS	0.000000	0.000000	40.000000	0.000000	0.000000	0.000000	0.000000	-1.000000	1.000000	0.000000	1.000000	0.058278	
INDUSTRY_CCS	5872.752482	234.910099	40.000000	0.000000	3.044454	Infinity	0.000000	-1.000000	1.000000	0.945776	1.000000	0.058278	
WOOD_TO_METHANOL	0.068223	0.002729	20.000000	0.000000	0.000010	Infinity	0.000000	-1.000000	1.000000	0.052427	0.994000	0.080243	
AMMONIA_TO_H2	0.026098	0.002408	25.000000	0.000000	0.000034	Infinity	0.000000	-1.000000	1.000000	0.038932	0.854840	0.070952	
E_WOOD_TO_FT	53572.988323	2142.919533	20.000000	0.000000	14.633430	Infinity	0.000000	-1.000000	1.000000	0.994000	0.994000	0.080243	
WOOD_TO_FT	0.152544	0.006102	20.000000	0.000000	0.000049	Infinity	0.000000	-1.000000	1.000000	0.386930	0.994000	0.080243	
CO2_TO_FT	0.056355	0.002254	20.000000	0.000000	0.000104	Infinity	0.000000	-1.000000	1.000000	0.457787	0.913000	0.080243	
REFINERY_JETFUEL	0.000000	0.000000	40.000000	0.000000	14.633462	Infinity	0.000000	-1.000000	1.000000	0.994000	0.994000	0.058278	
REFINERY_GASOLINE	0.000000	0.000000	40.000000	0.000000	0.000022	Infinity	0.000000	-1.000000	1.000000	0.151944	0.994000	0.058278	
REFINERY_DIESEL	0.000000	0.000000	40.000000	0.000000	0.000030	Infinity	0.000000	-1.000000	1.000000	0.209000	0.994000	0.058278	
CEMENT_PROCESS	0.000000	0.000000	40.000000	6400.000000	6400.000290	Infinity	1.000000	-1.000000	1.000000	0.000114	1.000000	0.058278	
NATURAL_CO2_SEQUESTRATION	0.000000	0.000000	40.000000	0.000000	6.270000	6.270000	1.000000	-1.000000	1.000000	1.000000	1.000000	0.058278	
AGRICULTURE_EMISSIONS	0.000000	0.000000	40.000000	48000.000000	48000.000156	Infinity	1.000000	-1.000000	1.000000	0.000114	1.000000	0.058278	
BIOMASS_SEQUESTRATION	0.000000	0.000000	40.000000	0.000000	26.996598	Infinity	1.000000	-1.000000	1.000000	0.675977	1.000000	0.058278	
DAC_HT	0.064945	0.002403	25.000000	0.000000	0.000009	Infinity	0.000000	-1.000000	1.000000	0.037707	1.000000	0.070952	
DAC_LT	0.064158	0.002566	20.000000	0.000000	0.000010	Infinity	0.000000	-1.000000	1.000000	0.048649	1.000000	0.080243	
WOOD_GROWTH	0.000000	0.000000	100.000000	0.000000	0.000000	0.000000	0.000000	-1.000000	1.000000	0.000000	1.000000	0.050383	
WET_BIOMASS_GROWTH	0.000000	0.000000	100.000000	0.000000	0.000000	0.000000	0.000000	-1.000000	1.000000	0.000000	1.000000	0.050383	
SEQUESTRATION	0.000000	88.775865	40.000000	0.000000	2.739996	2.740000	0.000000	-1.000000	1.000000	0.945777	1.000000	0.058278	
GHG_EMISSIONS	0.000000	0.000000	100.000000	0.000000	14.951449	Infinity	0.000000	-1.000000	1.000000	0.801987	1.000000	0.050383	