TECHNOLOGIES	 c_inv	 c_maint	 lifetime	  f_min	 f	 f_max	 fmin_perc	f_perc	 fmax_perc	 c_p	 c_p_max	 tau	 gwp_constr
 UNITS	[M€/GW]	 [M€/GW/y]	 [y]	 [GW or GWh]	 [GW or GWh]	 [GW or GWh]	 [0-1]	 [0-1]	 [0-1]	 [0-1]	 [0-1]	 [-]	 [ktCO2-eq./GW or GWh] 
NUCLEAR	290743.773068	6175.858588	60.000000	0.000000	59.999994	60.000000	0.000000	0.477178	1.000000	0.843906	0.843906	0.052828	42472.796066
CCGT	25084.193873	635.301180	25.000000	4.000000	30.369744	Infinity	0.000000	0.035019	1.000000	0.122358	0.955769	0.070952	5581.655276
CCGT_AMMONIA	0.034847	0.000883	25.000000	0.000000	0.000042	Infinity	0.000000	0.000000	1.000000	0.039780	0.590000	0.070952	0.007754
COAL_US	0.000000	0.000000	35.000000	0.000000	0.000000	Infinity	0.000000	0.000000	1.000000	0.000000	0.862792	0.061072	0.000000
COAL_IGCC	0.000000	0.000000	35.000000	0.000000	0.000000	Infinity	0.000000	0.000000	1.000000	0.000000	0.850864	0.061072	0.000000
PV	20999.999946	2927.868066	25.000000	0.000000	209.999999	210.000000	0.000000	0.288525	1.000000	0.145790	1.000000	0.070952	267749.999313
WIND_ONSHORE	85646.995809	996.141128	30.000000	0.000000	74.999996	75.000000	0.000000	0.183476	1.000000	0.259587	1.000000	0.065051	46713.747714
WIND_OFFSHORE	0.570284	0.003968	30.000000	0.000000	0.000106	60.000000	0.000000	0.000000	1.000000	0.432987	1.000000	0.065051	0.066302
HYDRO_RIVER	18180.531415	181.789451	80.000000	0.000000	3.603730	22.000000	0.000000	0.015801	1.000000	0.465261	1.000000	0.051030	4550.862785
GEOTHERMAL	0.000000	0.000000	30.000000	0.000000	0.000000	0.000000	0.000000	0.000000	1.000000	0.000000	0.950000	0.065051	0.000000
IND_COGEN_GAS	0.031812	0.002045	25.000000	0.000000	0.000021	Infinity	0.000000	0.000000	1.000000	0.053330	0.844900	0.070952	0.021324
IND_COGEN_WOOD	0.068358	0.002503	25.000000	0.000000	0.000058	Infinity	0.000000	0.000002	1.000000	0.313818	0.844900	0.070952	0.009635
IND_COGEN_WASTE	0.051366	0.001894	25.000000	0.000000	0.000016	Infinity	0.000000	0.000001	1.000000	0.092305	0.844900	0.070952	0.010454
IND_BOILER_GAS	0.017641	0.000353	17.000000	0.000000	0.000250	Infinity	0.000000	0.000000	1.000000	0.030043	0.944300	0.088699	0.003075
IND_BOILER_WOOD	1336.313701	26.725344	17.000000	0.000000	9.668020	Infinity	0.000000	0.401655	1.000000	0.760618	0.894600	0.088699	279.115732
IND_BOILER_OIL	0.017263	0.000371	17.000000	0.000000	0.000262	Infinity	0.000000	0.000000	1.000000	0.027692	0.944300	0.088699	0.003231
IND_BOILER_COAL	0.000000	0.000000	17.000000	0.000000	0.000000	Infinity	0.000000	0.000000	1.000000	0.000000	0.894600	0.088699	0.000000
IND_BOILER_WASTE	1418.553237	28.370077	17.000000	0.000000	10.263010	Infinity	0.000000	0.430491	1.000000	0.767963	0.894600	0.088699	296.293098
IND_DIRECT_ELEC	7728.300598	35.058770	15.000000	0.000000	19.932171	Infinity	0.000000	0.167850	1.000000	0.154176	0.944300	0.096342	29.300291
DHN_HP_ELEC	7358.437665	249.515258	25.000000	0.000000	18.594591	Infinity	0.000000	0.999993	1.000000	0.733511	0.944300	0.070952	3250.148635
DHN_COGEN_GAS	0.070919	0.002074	25.000000	0.000000	0.000052	Infinity	0.000000	0.000001	1.000000	0.106001	0.844900	0.070952	0.025570
DHN_COGEN_WOOD	0.048394	0.001772	25.000000	0.000000	0.000041	Infinity	0.000000	0.000001	1.000000	0.147013	0.844900	0.070952	0.006821
DHN_COGEN_WASTE	0.045818	0.001689	25.000000	0.000000	0.000014	Infinity	0.000000	0.000000	1.000000	0.065817	0.844900	0.070952	0.009325
DHN_COGEN_WET_BIOMASS	0.020108	0.001636	25.000000	0.000000	0.000013	Infinity	0.000000	0.000000	1.000000	0.034279	0.745500	0.070952	0.013804
DHN_COGEN_BIO_HYDROLYSIS	0.039526	0.001931	15.000000	0.000000	0.000008	Infinity	0.000000	0.000000	1.000000	0.042903	0.844900	0.096342	0.005200
DHN_BOILER_GAS	0.004708	0.000094	17.000000	0.000000	0.000067	Infinity	0.000000	0.000000	1.000000	0.057143	0.944300	0.088699	0.000821
DHN_BOILER_WOOD	0.012550	0.000251	17.000000	0.000000	0.000091	Infinity	0.000000	0.000002	1.000000	0.272238	0.894600	0.088699	0.002621
DHN_BOILER_OIL	0.004453	0.000096	17.000000	0.000000	0.000068	Infinity	0.000000	0.000000	1.000000	0.054640	0.944300	0.088699	0.000833
DHN_DEEP_GEO	0.000000	0.000000	30.000000	0.000000	0.000000	0.000000	0.000000	0.000000	1.000000	0.000000	0.844900	0.065051	0.000000
DHN_SOLAR	0.039190	0.000046	30.000000	0.000000	0.000103	Infinity	0.000000	0.000001	1.000000	0.117804	1.000000	0.065051	0.022733
DEC_HP_ELEC	89980.795266	3751.700511	18.000000	0.000000	159.320081	Infinity	0.000000	0.977781	1.000000	0.339460	1.000000	0.085546	26270.288132
DEC_THHP_GAS	0.239154	0.006990	20.000000	0.000000	0.000660	Infinity	0.000000	0.000004	1.000000	0.307489	1.000000	0.080243	0.252077
DEC_COGEN_GAS	0.061032	0.003923	20.000000	0.000000	0.000040	Infinity	0.000000	0.000000	1.000000	0.097050	1.000000	0.080243	0.040911
DEC_COGEN_OIL	0.055046	0.003377	20.000000	0.000000	0.000039	Infinity	0.000000	0.000000	1.000000	0.087101	1.000000	0.080243	0.039795
DEC_ADVCOGEN_GAS	0.073857	0.001376	20.000000	0.000000	0.000008	Infinity	0.000000	0.000000	1.000000	0.021760	1.000000	0.080243	0.017637
DEC_ADVCOGEN_H2	0.065770	0.001226	20.000000	0.000000	0.000007	Infinity	0.000000	0.000000	1.000000	0.017475	1.000000	0.080243	0.015706
DEC_BOILER_GAS	0.034932	0.001048	17.000000	0.000000	0.000184	Infinity	0.000000	0.000000	1.000000	0.074636	1.000000	0.088699	0.003873
DEC_BOILER_WOOD	1993.054136	69.738932	17.000000	0.000000	3.591542	Infinity	0.000000	0.020621	1.000000	0.317572	1.000000	0.088699	75.745611
DEC_BOILER_OIL	0.027393	0.001643	17.000000	0.000000	0.000160	Infinity	0.000000	0.000000	1.000000	0.078202	1.000000	0.088699	0.003381
DEC_SOLAR	448.540202	4.976644	20.000000	0.000000	0.592085	20.000000	0.000000	0.001594	1.000000	0.148878	1.000000	0.080243	130.981128
DEC_DIRECT_ELEC	0.043713	0.000191	15.000000	0.000000	0.001002	Infinity	0.000000	0.000000	1.000000	0.019851	1.000000	0.096342	0.001473
TRAMWAY_TROLLEY	10181.127452	203.622549	30.000000	0.000000	16.289804	Infinity	0.000000	0.200000	0.200000	0.342466	0.342466	0.065051	0.000000
BUS_COACH_DIESEL	3.947540	0.208706	15.000000	0.000000	0.006830	Infinity	0.000000	0.000073	1.000000	0.296792	0.296804	0.096342	0.000000
BUS_COACH_HYDIESEL	0.017283	0.000700	15.000000	0.000000	0.000021	Infinity	0.000000	0.000000	1.000000	0.062047	0.296804	0.096342	0.000000
BUS_COACH_CNG_STOICH	43981.461988	2297.070295	15.000000	0.000000	75.176846	Infinity	0.000000	0.799927	1.000000	0.296804	0.296804	0.096342	0.000000
BUS_COACH_FC_HYBRIDH2	0.004941	0.000139	15.000000	0.000000	0.000004	Infinity	0.000000	0.000000	1.000000	0.020986	0.296804	0.096342	0.000000
TRAIN_PUB	0.008235	0.000297	40.000000	0.000000	0.000005	Infinity	0.000000	0.000000	0.500000	0.019750	0.275073	0.058278	0.000000
CAR_GASOLINE	0.013211	0.000798	15.000000	0.000000	0.000033	Infinity	0.000000	0.000000	1.000000	0.017000	0.051370	0.096342	0.000000
CAR_DIESEL	0.014923	0.000872	15.000000	0.000000	0.000036	Infinity	0.000000	0.000000	1.000000	0.018670	0.051370	0.096342	0.000000
CAR_NG	0.019457	0.001136	15.000000	0.000000	0.000047	Infinity	0.000000	0.000000	1.000000	0.024289	0.051370	0.096342	0.000000
CAR_METHANOL	0.008423	0.000509	15.000000	0.000000	0.000021	Infinity	0.000000	0.000000	1.000000	0.010822	0.051370	0.096342	0.000000
CAR_HEV	0.006486	0.000520	15.000000	0.000000	0.000015	Infinity	0.000000	0.000000	1.000000	0.007715	0.051370	0.096342	0.000000
CAR_PHEV	1.401173	0.100621	15.000000	0.000000	0.002959	Infinity	0.000000	0.000001	1.000000	0.025305	0.051370	0.096342	0.000000
CAR_BEV	999639.086486	16289.787284	15.000000	0.000000	1628.978728	Infinity	0.000000	0.999999	1.000000	0.051370	0.051370	0.096342	0.000000
CAR_FUEL_CELL	0.038521	0.000363	15.000000	0.000000	0.000036	Infinity	0.000000	0.000000	1.000000	0.023629	0.051370	0.096342	0.000000
PLANE	0.000000	0.000000	30.000000	0.000000	21.872146	Infinity	0.000000	1.000000	1.000000	1.000000	1.000000	0.065051	0.000000
BOAT_FREIGHT_DIESEL	0.099007	0.005235	40.000000	0.000000	0.001371	Infinity	0.000000	0.000068	1.000000	0.113645	0.114155	0.058278	0.000000
BOAT_FREIGHT_NG	1462.455413	76.381337	40.000000	0.000000	19.998023	Infinity	0.000000	0.999901	1.000000	0.114155	0.114155	0.058278	0.000000
BOAT_FREIGHT_METHANOL	0.044459	0.002351	40.000000	0.000000	0.000615	Infinity	0.000000	0.000031	1.000000	0.113973	0.114155	0.058278	0.000000
TRAIN_FREIGHT	1905.660851	38.111605	40.000000	0.000000	18.249960	Infinity	0.000000	1.000000	1.000000	0.342466	0.342466	0.058278	0.000000
TRUCK_DIESEL	24501.290285	1295.367277	15.000000	0.000000	69.810213	Infinity	0.000000	0.574571	1.000000	0.092593	0.092593	0.096342	0.000000
TRUCK_METHANOL	0.050310	0.002660	15.000000	0.000000	0.000143	Infinity	0.000000	0.000001	1.000000	0.092491	0.092593	0.096342	0.000000
TRUCK_FUEL_CELL	22235.214222	623.718340	15.000000	0.000000	51.689365	Infinity	0.000000	0.425428	1.000000	0.092593	0.092593	0.096342	0.000000
TRUCK_ELEC	0.003085	0.000081	15.000000	0.000000	0.000004	Infinity	0.000000	0.000000	1.000000	0.003735	0.092593	0.096342	0.000000
TRUCK_NG	0.002083	0.000109	15.000000	0.000000	0.000006	Infinity	0.000000	0.000000	1.000000	0.005331	0.092593	0.096342	0.000000
HABER_BOSCH	5220.187891	102.062118	20.000000	0.000000	5.415301	Infinity	0.000000	1.000000	1.000000	0.801996	0.994000	0.080243	0.000000
CO2_TO_METHANOL	0.021219	0.000849	20.000000	0.000000	0.000026	Infinity	0.000000	0.000007	1.000000	0.067844	0.944300	0.080243	0.000000
E_WOOD_TO_METHANOL	1161.603269	46.464131	20.000000	0.000000	0.998799	Infinity	0.000000	0.999987	1.000000	0.994000	0.994000	0.080243	0.000000
METHANE_TO_METHANOL	0.027068	0.001083	25.000000	0.000000	0.000018	Infinity	0.000000	0.000006	1.000000	0.061750	0.844900	0.070952	0.000000
OIL_TO_HVC	904.554683	4.809033	15.000000	0.000000	2.012134	Infinity	0.000000	0.282773	1.000000	0.993989	0.994000	0.096342	0.000000
GAS_TO_HVC	0.023085	0.000577	25.000000	0.000000	0.000025	Infinity	0.000000	0.000000	1.000000	0.025142	0.994000	0.070952	0.000000
BIOMASS_TO_HVC	16901.217734	504.224511	20.000000	0.000000	5.103487	Infinity	0.000000	0.717221	1.000000	0.994000	0.994000	0.080243	0.000000
METHANOL_TO_HVC	0.041490	0.003734	20.000000	0.000000	0.000052	Infinity	0.000000	0.000005	1.000000	0.379560	0.994000	0.080243	0.000000
PHS	323.398136	0.000000	50.000000	5.000000	5.499968	5.500000	0.000000	-1.000000	1.000000	0.026869	1.000000	0.054777	
BATT_LI	0.148547	0.000230	15.000000	0.000000	0.000296	Infinity	0.000000	-1.000000	1.000000	0.029500	1.000000	0.096342	
BEV_BATT	0.000000	0.000000	1.000000	0.000000	1616.050326	Infinity	0.000000	-1.000000	1.000000	0.002358	1.000000	1.050000	
PHEV_BATT	0.000000	0.000000	1.000000	0.000000	0.000587	Infinity	0.000000	-1.000000	1.000000	0.006971	1.000000	1.050000	
TS_DEC_DIRECT_ELEC	0.082271	0.000576	20.000000	0.000000	0.004337	Infinity	0.000000	-1.000000	1.000000	0.003206	1.000000	0.080243	
TS_DEC_HP_ELEC	4932.928441	34.533801	20.000000	0.000000	260.038400	Infinity	0.000000	-1.000000	1.000000	0.032862	1.000000	0.080243	
TS_DEC_THHP_GAS	0.082829	0.000580	20.000000	0.000000	0.004366	Infinity	0.000000	-1.000000	1.000000	0.004025	1.000000	0.080243	
TS_DEC_COGEN_GAS	0.082925	0.000581	20.000000	0.000000	0.004371	Infinity	0.000000	-1.000000	1.000000	0.001493	1.000000	0.080243	
TS_DEC_COGEN_OIL	0.083341	0.000583	20.000000	0.000000	0.004393	Infinity	0.000000	-1.000000	1.000000	0.001628	1.000000	0.080243	
TS_DEC_ADVCOGEN_GAS	0.083284	0.000583	20.000000	0.000000	0.004390	Infinity	0.000000	-1.000000	1.000000	0.001312	1.000000	0.080243	
TS_DEC_ADVCOGEN_H2	0.083214	0.000583	20.000000	0.000000	0.004387	Infinity	0.000000	-1.000000	1.000000	0.001268	1.000000	0.080243	
TS_DEC_BOILER_GAS	0.083265	0.000583	20.000000	0.000000	0.004389	Infinity	0.000000	-1.000000	1.000000	0.001837	1.000000	0.080243	
TS_DEC_BOILER_WOOD	47.419130	0.331966	20.000000	0.000000	2.499691	Infinity	0.000000	-1.000000	1.000000	0.038506	1.000000	0.080243	
TS_DEC_BOILER_OIL	0.083408	0.000584	20.000000	0.000000	0.004397	Infinity	0.000000	-1.000000	1.000000	0.001849	1.000000	0.080243	
TS_DHN_DAILY	0.115383	0.000331	40.000000	0.000000	0.038461	Infinity	0.000000	-1.000000	1.000000	0.000672	1.000000	0.058278	
TS_DHN_SEASONAL	11896.154912	64.969580	25.000000	0.000000	20162.974427	Infinity	0.000000	-1.000000	1.000000	0.000176	1.000000	0.070952	
TS_HIGH_TEMP	0.000000	0.000000	25.000000	0.000000	0.000000	0.000000	0.000000	-1.000000	1.000000	0.000000	1.000000	0.070952	
GAS_STORAGE	0.000000	32.908208	50.000000	0.000000	32908207.500317	Infinity	0.000000	-1.000000	1.000000	0.000000	1.000000	0.054777	
H2_STORAGE	0.000000	18.785833	20.000000	0.000000	18785832.777693	1000000000.000000	0.000000	-1.000000	1.000000	0.000000	1.000000	0.080243	
DIESEL_STORAGE	0.000000	17.112876	20.000000	0.000000	17112875.603999	Infinity	0.000000	-1.000000	1.000000	0.000000	1.000000	0.080243	
GASOLINE_STORAGE	0.000000	17.123387	20.000000	0.000000	17123386.630514	Infinity	0.000000	-1.000000	1.000000	0.000000	1.000000	0.080243	
LFO_STORAGE	0.000000	18.733843	20.000000	0.000000	18733843.164138	Infinity	0.000000	-1.000000	1.000000	0.000000	1.000000	0.080243	
AMMONIA_STORAGE	0.000000	17.796929	20.000000	0.000000	17796928.532728	Infinity	0.000000	-1.000000	1.000000	0.000000	1.000000	0.080243	
METHANOL_STORAGE	0.000000	18.302851	20.000000	0.000000	18302851.194757	Infinity	0.000000	-1.000000	1.000000	0.000000	1.000000	0.080243	
CO2_STORAGE	0.000000	6.782706	30.000000	0.000000	6782706.028519	Infinity	0.000000	-1.000000	1.000000	0.000000	1.000000	0.065051	
JETFUEL_STORAGE	0.000000	5.180794	30.000000	0.000000	5180793.628101	Infinity	0.000000	-1.000000	1.000000	0.000000	1.000000	0.065051	
WOOD_STORAGE	0.000000	10.412622	30.000000	0.000000	10412622.118782	Infinity	0.000000	-1.000000	1.000000	0.000000	1.000000	0.065051	
EFFICIENCY	5333.333333	0.000000	1.000000	0.000000	0.952381	Infinity	0.000000	-1.000000	1.000000	0.000000	1.000000	1.050000	
DHN	15956.793314	0.000000	60.000000	0.000000	19.320959	Infinity	0.000000	-1.000000	1.000000	0.000000	1.000000	0.052828	
GRID	179742.097604	0.000000	80.000000	0.000000	2.399150	Infinity	0.000000	-1.000000	1.000000	0.000000	1.000000	0.051030	
ALKALINE_ELECTROLYSIS	14875.847283	595.033891	20.000000	0.000000	24.793079	Infinity	0.000000	-1.000000	1.000000	0.319248	0.894600	0.080243	
HT_ELECTROLYSIS	21328.663070	853.146523	20.000000	0.000000	26.010565	Infinity	0.000000	-1.000000	1.000000	0.695657	0.894600	0.080243	
SMR	0.018840	0.001739	25.000000	0.000000	0.000024	Infinity	0.000000	-1.000000	1.000000	0.084799	0.854840	0.070952	
BIO_HYDROLYSIS	17803.735421	1213.868687	15.000000	0.000000	9.826763	Infinity	0.000000	-1.000000	1.000000	0.844900	0.844900	0.096342	
H2_BIOMASS	0.036236	0.002553	25.000000	0.000000	0.000008	Infinity	0.000000	-1.000000	1.000000	0.047748	0.854840	0.070952	
WOOD_TO_METHANE	0.050598	0.002024	20.000000	0.000000	0.000020	Infinity	0.000000	-1.000000	1.000000	0.141301	0.844900	0.080243	
CO2_TO_METHANE	0.017401	0.000696	20.000000	0.000000	0.000030	Infinity	0.000000	-1.000000	1.000000	0.049329	0.844900	0.080243	
E_WOOD_TO_METHANE	6750.377680	270.015107	20.000000	0.000000	8.182276	Infinity	0.000000	-1.000000	1.000000	0.844900	0.844900	0.080243	
BIOMETHANATION	0.030073	0.001203	20.000000	0.000000	0.000027	Infinity	0.000000	-1.000000	1.000000	0.119374	0.844900	0.080243	
PYROLYSIS_TO_LFO	0.150888	0.006036	25.000000	0.000000	0.000059	Infinity	0.000000	-1.000000	1.000000	0.499219	0.844900	0.070952	
PYROLYSIS_TO_FUELS	0.076086	0.003043	25.000000	0.000000	0.000029	Infinity	0.000000	-1.000000	1.000000	0.230482	0.844900	0.070952	
ATM_CCS	0.000000	0.000000	40.000000	0.000000	0.000000	0.000000	0.000000	-1.000000	1.000000	0.000000	1.000000	0.058278	
INDUSTRY_CCS	5872.734748	234.909390	40.000000	0.000000	3.044445	Infinity	0.000000	-1.000000	1.000000	0.945775	1.000000	0.058278	
WOOD_TO_METHANOL	0.041981	0.001679	20.000000	0.000000	0.000006	Infinity	0.000000	-1.000000	1.000000	0.038336	0.994000	0.080243	
AMMONIA_TO_H2	0.013602	0.001255	25.000000	0.000000	0.000018	Infinity	0.000000	-1.000000	1.000000	0.028446	0.854840	0.070952	
E_WOOD_TO_FT	53573.032988	2142.921320	20.000000	0.000000	14.633442	Infinity	0.000000	-1.000000	1.000000	0.994000	0.994000	0.080243	
WOOD_TO_FT	0.106618	0.004265	20.000000	0.000000	0.000034	Infinity	0.000000	-1.000000	1.000000	0.293633	0.994000	0.080243	
CO2_TO_FT	0.033073	0.001323	20.000000	0.000000	0.000061	Infinity	0.000000	-1.000000	1.000000	0.329632	0.913000	0.080243	
REFINERY_JETFUEL	0.000000	0.000000	40.000000	0.000000	14.633467	Infinity	0.000000	-1.000000	1.000000	0.994000	0.994000	0.058278	
REFINERY_GASOLINE	0.000000	0.000000	40.000000	0.000000	0.000017	Infinity	0.000000	-1.000000	1.000000	0.116126	0.994000	0.058278	
REFINERY_DIESEL	0.000000	0.000000	40.000000	0.000000	0.000024	Infinity	0.000000	-1.000000	1.000000	0.164027	0.994000	0.058278	
CEMENT_PROCESS	0.000000	0.000000	40.000000	6400.000000	6400.000231	Infinity	1.000000	-1.000000	1.000000	0.000114	1.000000	0.058278	
NATURAL_CO2_SEQUESTRATION	0.000000	0.000000	40.000000	0.000000	6.270000	6.270000	1.000000	-1.000000	1.000000	1.000000	1.000000	0.058278	
AGRICULTURE_EMISSIONS	0.000000	0.000000	40.000000	48000.000000	48000.000107	Infinity	1.000000	-1.000000	1.000000	0.000114	1.000000	0.058278	
BIOMASS_SEQUESTRATION	0.000000	0.000000	40.000000	0.000000	27.319344	Infinity	1.000000	-1.000000	1.000000	0.682013	1.000000	0.058278	
DAC_HT	0.038355	0.001419	25.000000	0.000000	0.000005	Infinity	0.000000	-1.000000	1.000000	0.027214	1.000000	0.070952	
DAC_LT	0.038812	0.001553	20.000000	0.000000	0.000006	Infinity	0.000000	-1.000000	1.000000	0.035131	1.000000	0.080243	
WOOD_GROWTH	0.000000	0.000000	100.000000	0.000000	0.000000	0.000000	0.000000	-1.000000	1.000000	0.000000	1.000000	0.050383	
WET_BIOMASS_GROWTH	0.000000	0.000000	100.000000	0.000000	0.000000	0.000000	0.000000	-1.000000	1.000000	0.000000	1.000000	0.050383	
SEQUESTRATION	0.000000	88.775880	40.000000	0.000000	2.739996	2.740000	0.000000	-1.000000	1.000000	0.945774	1.000000	0.058278	
GHG_EMISSIONS	0.000000	0.000000	100.000000	0.000000	15.187045	Infinity	0.000000	-1.000000	1.000000	0.799612	1.000000	0.050383	