TECHNOLOGIES	 c_inv	 c_maint	 lifetime	  f_min	 f	 f_max	 fmin_perc	f_perc	 fmax_perc	 c_p	 c_p_max	 tau	 gwp_constr
 UNITS	[M€/GW]	 [M€/GW/y]	 [y]	 [GW or GWh]	 [GW or GWh]	 [GW or GWh]	 [0-1]	 [0-1]	 [0-1]	 [0-1]	 [0-1]	 [-]	 [ktCO2-eq./GW or GWh] 
NUCLEAR	290743.754288	6175.858189	60.000000	0.000000	59.999991	60.000000	0.000000	0.468405	1.000000	0.843906	0.843906	0.052828	42472.793322
CCGT	24920.487478	631.155029	25.000000	4.000000	30.171543	Infinity	0.000000	0.033542	1.000000	0.120177	0.955769	0.070952	5545.227848
CCGT_AMMONIA	0.055031	0.001394	25.000000	0.000000	0.000067	Infinity	0.000000	0.000000	1.000000	0.057847	0.590000	0.070952	0.012245
COAL_US	0.000000	0.000000	35.000000	0.000000	0.000000	Infinity	0.000000	0.000000	1.000000	0.000000	0.862792	0.061072	0.000000
COAL_IGCC	0.000000	0.000000	35.000000	0.000000	0.000000	Infinity	0.000000	0.000000	1.000000	0.000000	0.850864	0.061072	0.000000
PV	20999.996101	2927.867530	25.000000	0.000000	209.999961	210.000000	0.000000	0.284680	1.000000	0.146542	1.000000	0.070952	267749.950283
WIND_ONSHORE	85646.983483	996.140984	30.000000	0.000000	74.999986	75.000000	0.000000	0.179592	1.000000	0.258850	1.000000	0.065051	46713.740991
WIND_OFFSHORE	0.979541	0.006815	30.000000	0.000000	0.000183	60.000000	0.000000	0.000001	1.000000	0.443636	1.000000	0.065051	0.113883
HYDRO_RIVER	39642.384653	396.389258	80.000000	0.000000	7.857882	22.000000	0.000000	0.033780	1.000000	0.464711	1.000000	0.051030	9923.090195
GEOTHERMAL	0.000000	0.000000	30.000000	0.000000	0.000000	0.000000	0.000000	0.000000	1.000000	0.000000	0.950000	0.065051	0.000000
IND_COGEN_GAS	0.050762	0.003263	25.000000	0.000000	0.000033	Infinity	0.000000	0.000000	1.000000	0.078232	0.844900	0.070952	0.034027
IND_COGEN_WOOD	0.096460	0.003532	25.000000	0.000000	0.000082	Infinity	0.000000	0.000002	1.000000	0.402314	0.844900	0.070952	0.013596
IND_COGEN_WASTE	0.076879	0.002834	25.000000	0.000000	0.000024	Infinity	0.000000	0.000001	1.000000	0.125145	0.844900	0.070952	0.015647
IND_BOILER_GAS	0.031382	0.000629	17.000000	0.000000	0.000444	Infinity	0.000000	0.000001	1.000000	0.022733	0.944300	0.088699	0.005471
IND_BOILER_WOOD	1327.820077	26.555477	17.000000	0.000000	9.606570	Infinity	0.000000	0.402144	1.000000	0.765399	0.894600	0.088699	277.341670
IND_BOILER_OIL	0.030826	0.000663	17.000000	0.000000	0.000468	Infinity	0.000000	0.000001	1.000000	0.020954	0.944300	0.088699	0.005769
IND_BOILER_COAL	0.000000	0.000000	17.000000	0.000000	0.000000	Infinity	0.000000	0.000000	1.000000	0.000000	0.894600	0.088699	0.000000
IND_BOILER_WASTE	1412.736350	28.253743	17.000000	0.000000	10.220926	Infinity	0.000000	0.431062	1.000000	0.771124	0.894600	0.088699	295.078125
IND_DIRECT_ELEC	7688.120118	34.876495	15.000000	0.000000	19.828541	Infinity	0.000000	0.166790	1.000000	0.153800	0.944300	0.096342	29.147955
DHN_HP_ELEC	7244.803500	245.662068	25.000000	0.000000	18.307441	Infinity	0.000000	0.999991	1.000000	0.732420	0.944300	0.070952	3199.957556
DHN_COGEN_GAS	0.110852	0.003241	25.000000	0.000000	0.000081	Infinity	0.000000	0.000001	1.000000	0.162330	0.844900	0.070952	0.039968
DHN_COGEN_WOOD	0.068809	0.002519	25.000000	0.000000	0.000059	Infinity	0.000000	0.000001	1.000000	0.196462	0.844900	0.070952	0.009699
DHN_COGEN_WASTE	0.069223	0.002552	25.000000	0.000000	0.000022	Infinity	0.000000	0.000001	1.000000	0.090533	0.844900	0.070952	0.014089
DHN_COGEN_WET_BIOMASS	0.032778	0.002668	25.000000	0.000000	0.000022	Infinity	0.000000	0.000000	1.000000	0.047736	0.745500	0.070952	0.022502
DHN_COGEN_BIO_HYDROLYSIS	0.058014	0.002835	15.000000	0.000000	0.000012	Infinity	0.000000	0.000000	1.000000	0.058559	0.844900	0.096342	0.007633
DHN_BOILER_GAS	0.007402	0.000148	17.000000	0.000000	0.000105	Infinity	0.000000	0.000001	1.000000	0.073788	0.944300	0.088699	0.001290
DHN_BOILER_WOOD	0.017096	0.000342	17.000000	0.000000	0.000124	Infinity	0.000000	0.000003	1.000000	0.282050	0.894600	0.088699	0.003571
DHN_BOILER_OIL	0.006779	0.000146	17.000000	0.000000	0.000103	Infinity	0.000000	0.000001	1.000000	0.072598	0.944300	0.088699	0.001269
DHN_DEEP_GEO	0.000000	0.000000	30.000000	0.000000	0.000000	0.000000	0.000000	0.000000	1.000000	0.000000	0.844900	0.065051	0.000000
DHN_SOLAR	0.053097	0.000063	30.000000	0.000000	0.000139	Infinity	0.000000	0.000001	1.000000	0.118005	1.000000	0.065051	0.030800
DEC_HP_ELEC	92028.437152	3837.075831	18.000000	0.000000	162.945638	Infinity	0.000000	0.999907	1.000000	0.339335	1.000000	0.085546	26868.106169
DEC_THHP_GAS	0.350931	0.010257	20.000000	0.000000	0.000968	Infinity	0.000000	0.000005	1.000000	0.307574	1.000000	0.080243	0.369894
DEC_COGEN_GAS	0.099354	0.006386	20.000000	0.000000	0.000065	Infinity	0.000000	0.000000	1.000000	0.145306	1.000000	0.080243	0.066600
DEC_COGEN_OIL	0.091271	0.005600	20.000000	0.000000	0.000064	Infinity	0.000000	0.000000	1.000000	0.133952	1.000000	0.080243	0.065983
DEC_ADVCOGEN_GAS	0.120753	0.002250	20.000000	0.000000	0.000013	Infinity	0.000000	0.000000	1.000000	0.032354	1.000000	0.080243	0.028836
DEC_ADVCOGEN_H2	0.108894	0.002029	20.000000	0.000000	0.000012	Infinity	0.000000	0.000000	1.000000	0.026167	1.000000	0.080243	0.026004
DEC_BOILER_GAS	0.059522	0.001786	17.000000	0.000000	0.000313	Infinity	0.000000	0.000000	1.000000	0.059004	1.000000	0.088699	0.006599
DEC_BOILER_WOOD	7.426928	0.259876	17.000000	0.000000	0.013384	Infinity	0.000000	0.000075	1.000000	0.311663	1.000000	0.088699	0.282259
DEC_BOILER_OIL	0.046347	0.002780	17.000000	0.000000	0.000271	Infinity	0.000000	0.000000	1.000000	0.063671	1.000000	0.088699	0.005721
DEC_SOLAR	3.234776	0.035890	20.000000	0.000000	0.004270	20.000000	0.000000	0.000010	1.000000	0.129361	1.000000	0.080243	0.944608
DEC_DIRECT_ELEC	0.084265	0.000368	15.000000	0.000000	0.001932	Infinity	0.000000	0.000001	1.000000	0.028386	1.000000	0.096342	0.002840
TRAMWAY_TROLLEY	10181.125742	203.622515	30.000000	0.000000	16.289801	Infinity	0.000000	0.200000	0.200000	0.342466	0.342466	0.065051	0.000000
BUS_COACH_DIESEL	16762.331583	886.220635	15.000000	0.000000	29.003584	Infinity	0.000000	0.308616	1.000000	0.296804	0.296804	0.096342	0.000000
BUS_COACH_HYDIESEL	0.046764	0.001895	15.000000	0.000000	0.000057	Infinity	0.000000	0.000001	1.000000	0.168312	0.296804	0.096342	0.000000
BUS_COACH_CNG_STOICH	27017.168353	1411.056661	15.000000	0.000000	46.180036	Infinity	0.000000	0.491383	1.000000	0.296804	0.296804	0.096342	0.000000
BUS_COACH_FC_HYBRIDH2	0.009300	0.000261	15.000000	0.000000	0.000008	Infinity	0.000000	0.000000	1.000000	0.044105	0.296804	0.096342	0.000000
TRAIN_PUB	0.019563	0.000706	40.000000	0.000000	0.000013	Infinity	0.000000	0.000000	0.500000	0.047702	0.275073	0.058278	0.000000
CAR_GASOLINE	0.018813	0.001136	15.000000	0.000000	0.000047	Infinity	0.000000	0.000000	1.000000	0.024267	0.051370	0.096342	0.000000
CAR_DIESEL	0.047027	0.002747	15.000000	0.000000	0.000114	Infinity	0.000000	0.000000	1.000000	0.051328	0.051370	0.096342	0.000000
CAR_NG	0.029199	0.001705	15.000000	0.000000	0.000071	Infinity	0.000000	0.000000	1.000000	0.036541	0.051370	0.096342	0.000000
CAR_METHANOL	0.011069	0.000668	15.000000	0.000000	0.000028	Infinity	0.000000	0.000000	1.000000	0.013261	0.051370	0.096342	0.000000
CAR_HEV	0.010485	0.000841	15.000000	0.000000	0.000025	Infinity	0.000000	0.000000	1.000000	0.012763	0.051370	0.096342	0.000000
CAR_PHEV	2.436441	0.174965	15.000000	0.000000	0.005146	Infinity	0.000000	0.000002	1.000000	0.025346	0.051370	0.096342	0.000000
CAR_BEV	999638.252805	16289.773699	15.000000	0.000000	1628.977370	Infinity	0.000000	0.999998	1.000000	0.051370	0.051370	0.096342	0.000000
CAR_FUEL_CELL	0.240192	0.002261	15.000000	0.000000	0.000226	Infinity	0.000000	0.000000	1.000000	0.056900	0.051370	0.096342	0.000000
PLANE	0.000000	0.000000	30.000000	0.000000	21.872146	Infinity	0.000000	1.000000	1.000000	1.000000	1.000000	0.065051	0.000000
BOAT_FREIGHT_DIESEL	0.170742	0.009027	40.000000	0.000000	0.002364	Infinity	0.000000	0.000118	1.000000	0.114004	0.114155	0.058278	0.000000
BOAT_FREIGHT_NG	1462.361421	76.376428	40.000000	0.000000	19.996738	Infinity	0.000000	0.999836	1.000000	0.114155	0.114155	0.058278	0.000000
BOAT_FREIGHT_METHANOL	0.065968	0.003488	40.000000	0.000000	0.000913	Infinity	0.000000	0.000046	1.000000	0.114037	0.114155	0.058278	0.000000
TRAIN_FREIGHT	1905.660679	38.111602	40.000000	0.000000	18.249959	Infinity	0.000000	1.000000	1.000000	0.342466	0.342466	0.058278	0.000000
TRUCK_DIESEL	7603.947704	402.015768	15.000000	0.000000	21.665520	Infinity	0.000000	0.178317	1.000000	0.092593	0.092593	0.096342	0.000000
TRUCK_METHANOL	0.059013	0.003120	15.000000	0.000000	0.000168	Infinity	0.000000	0.000001	1.000000	0.092498	0.092593	0.096342	0.000000
TRUCK_FUEL_CELL	42945.604422	1204.663955	15.000000	0.000000	99.834029	Infinity	0.000000	0.821681	1.000000	0.092593	0.092593	0.096342	0.000000
TRUCK_ELEC	0.017475	0.000460	15.000000	0.000000	0.000020	Infinity	0.000000	0.000000	1.000000	0.009176	0.092593	0.096342	0.000000
TRUCK_NG	0.002780	0.000145	15.000000	0.000000	0.000008	Infinity	0.000000	0.000000	1.000000	0.007088	0.092593	0.096342	0.000000
HABER_BOSCH	5197.051350	101.609766	20.000000	0.000000	5.391300	Infinity	0.000000	1.000000	1.000000	0.805567	0.994000	0.080243	0.000000
CO2_TO_METHANOL	0.036015	0.001441	20.000000	0.000000	0.000045	Infinity	0.000000	0.000009	1.000000	0.093994	0.944300	0.080243	0.000000
E_WOOD_TO_METHANOL	1161.660467	46.466419	20.000000	0.000000	0.998848	Infinity	0.000000	0.999982	1.000000	0.993999	0.994000	0.080243	0.000000
METHANE_TO_METHANOL	0.044771	0.001791	25.000000	0.000000	0.000030	Infinity	0.000000	0.000008	1.000000	0.083880	0.844900	0.070952	0.000000
OIL_TO_HVC	904.544181	4.808977	15.000000	0.000000	2.012110	Infinity	0.000000	0.282773	1.000000	0.993999	0.994000	0.096342	0.000000
GAS_TO_HVC	0.040889	0.001022	25.000000	0.000000	0.000045	Infinity	0.000000	0.000000	1.000000	0.033665	0.994000	0.070952	0.000000
BIOMASS_TO_HVC	16901.175535	504.223252	20.000000	0.000000	5.103474	Infinity	0.000000	0.717219	1.000000	0.994000	0.994000	0.080243	0.000000
METHANOL_TO_HVC	0.062492	0.005624	20.000000	0.000000	0.000079	Infinity	0.000000	0.000007	1.000000	0.527084	0.994000	0.080243	0.000000
PHS	323.398902	0.000000	50.000000	5.000000	5.499981	5.500000	0.000000	-1.000000	1.000000	0.027393	1.000000	0.054777	
BATT_LI	0.227869	0.000352	15.000000	0.000000	0.000455	Infinity	0.000000	-1.000000	1.000000	0.029953	1.000000	0.096342	
BEV_BATT	0.000000	0.000000	1.000000	0.000000	1616.048978	Infinity	0.000000	-1.000000	1.000000	0.002339	1.000000	1.050000	
PHEV_BATT	0.000000	0.000000	1.000000	0.000000	0.001021	Infinity	0.000000	-1.000000	1.000000	0.007019	1.000000	1.050000	
TS_DEC_DIRECT_ELEC	0.159738	0.001118	20.000000	0.000000	0.008421	Infinity	0.000000	-1.000000	1.000000	0.004930	1.000000	0.080243	
TS_DEC_HP_ELEC	4636.267809	32.456978	20.000000	0.000000	244.399990	Infinity	0.000000	-1.000000	1.000000	0.034248	1.000000	0.080243	
TS_DEC_THHP_GAS	0.151464	0.001060	20.000000	0.000000	0.007984	Infinity	0.000000	-1.000000	1.000000	0.003384	1.000000	0.080243	
TS_DEC_COGEN_GAS	0.151530	0.001061	20.000000	0.000000	0.007988	Infinity	0.000000	-1.000000	1.000000	0.001209	1.000000	0.080243	
TS_DEC_COGEN_OIL	0.151643	0.001062	20.000000	0.000000	0.007994	Infinity	0.000000	-1.000000	1.000000	0.001240	1.000000	0.080243	
TS_DEC_ADVCOGEN_GAS	0.151571	0.001061	20.000000	0.000000	0.007990	Infinity	0.000000	-1.000000	1.000000	0.000944	1.000000	0.080243	
TS_DEC_ADVCOGEN_H2	0.151597	0.001061	20.000000	0.000000	0.007991	Infinity	0.000000	-1.000000	1.000000	0.000918	1.000000	0.080243	
TS_DEC_BOILER_GAS	0.151902	0.001063	20.000000	0.000000	0.008007	Infinity	0.000000	-1.000000	1.000000	0.001466	1.000000	0.080243	
TS_DEC_BOILER_WOOD	0.238667	0.001671	20.000000	0.000000	0.012581	Infinity	0.000000	-1.000000	1.000000	0.028809	1.000000	0.080243	
TS_DEC_BOILER_OIL	0.152307	0.001066	20.000000	0.000000	0.008029	Infinity	0.000000	-1.000000	1.000000	0.001521	1.000000	0.080243	
TS_DHN_DAILY	0.209909	0.000602	40.000000	0.000000	0.069970	Infinity	0.000000	-1.000000	1.000000	0.000543	1.000000	0.058278	
TS_DHN_SEASONAL	12036.042449	65.733561	25.000000	0.000000	20400.071947	Infinity	0.000000	-1.000000	1.000000	0.000176	1.000000	0.070952	
TS_HIGH_TEMP	0.000000	0.000000	25.000000	0.000000	0.000000	0.000000	0.000000	-1.000000	1.000000	0.000000	1.000000	0.070952	
GAS_STORAGE	0.000000	39.336548	50.000000	0.000000	39336547.930377	Infinity	0.000000	-1.000000	1.000000	0.000000	1.000000	0.054777	
H2_STORAGE	0.000000	21.882757	20.000000	0.000000	21882756.716779	1000000000.000000	0.000000	-1.000000	1.000000	0.000000	1.000000	0.080243	
DIESEL_STORAGE	0.000000	20.243484	20.000000	0.000000	20243483.822150	Infinity	0.000000	-1.000000	1.000000	0.000000	1.000000	0.080243	
GASOLINE_STORAGE	0.000000	20.178629	20.000000	0.000000	20178629.258002	Infinity	0.000000	-1.000000	1.000000	0.000000	1.000000	0.080243	
LFO_STORAGE	0.000000	22.214731	20.000000	0.000000	22214731.030865	Infinity	0.000000	-1.000000	1.000000	0.000000	1.000000	0.080243	
AMMONIA_STORAGE	0.000000	20.953908	20.000000	0.000000	20953908.257246	Infinity	0.000000	-1.000000	1.000000	0.000000	1.000000	0.080243	
METHANOL_STORAGE	0.000000	21.583863	20.000000	0.000000	21583863.139325	Infinity	0.000000	-1.000000	1.000000	0.000000	1.000000	0.080243	
CO2_STORAGE	0.000000	8.244713	30.000000	0.000000	8244713.362520	Infinity	0.000000	-1.000000	1.000000	0.000000	1.000000	0.065051	
JETFUEL_STORAGE	0.000000	6.283853	30.000000	0.000000	6283852.577808	Infinity	0.000000	-1.000000	1.000000	0.000000	1.000000	0.065051	
WOOD_STORAGE	0.000000	12.623430	30.000000	0.000000	12623430.400645	Infinity	0.000000	-1.000000	1.000000	0.000000	1.000000	0.065051	
EFFICIENCY	5333.333333	0.000000	1.000000	0.000000	0.952381	Infinity	0.000000	-1.000000	1.000000	0.000000	1.000000	1.050000	
DHN	15717.173250	0.000000	60.000000	0.000000	19.030820	Infinity	0.000000	-1.000000	1.000000	0.000000	1.000000	0.052828	
GRID	179742.107588	0.000000	80.000000	0.000000	2.399151	Infinity	0.000000	-1.000000	1.000000	0.000000	1.000000	0.051030	
ALKALINE_ELECTROLYSIS	16594.334196	663.773368	20.000000	0.000000	27.657224	Infinity	0.000000	-1.000000	1.000000	0.344793	0.894600	0.080243	
HT_ELECTROLYSIS	20914.253195	836.570128	20.000000	0.000000	25.505187	Infinity	0.000000	-1.000000	1.000000	0.704803	0.894600	0.080243	
SMR	0.031187	0.002878	25.000000	0.000000	0.000040	Infinity	0.000000	-1.000000	1.000000	0.116448	0.854840	0.070952	
BIO_HYDROLYSIS	17803.696998	1213.866067	15.000000	0.000000	9.826741	Infinity	0.000000	-1.000000	1.000000	0.844900	0.844900	0.096342	
H2_BIOMASS	0.054475	0.003838	25.000000	0.000000	0.000011	Infinity	0.000000	-1.000000	1.000000	0.063099	0.854840	0.070952	
WOOD_TO_METHANE	0.074560	0.002982	20.000000	0.000000	0.000030	Infinity	0.000000	-1.000000	1.000000	0.187281	0.844900	0.080243	
CO2_TO_METHANE	0.031711	0.001268	20.000000	0.000000	0.000055	Infinity	0.000000	-1.000000	1.000000	0.093307	0.844900	0.080243	
E_WOOD_TO_METHANE	4075.708128	163.028325	20.000000	0.000000	4.940252	Infinity	0.000000	-1.000000	1.000000	0.844900	0.844900	0.080243	
BIOMETHANATION	0.047333	0.001893	20.000000	0.000000	0.000042	Infinity	0.000000	-1.000000	1.000000	0.155430	0.844900	0.080243	
PYROLYSIS_TO_LFO	0.217602	0.008704	25.000000	0.000000	0.000085	Infinity	0.000000	-1.000000	1.000000	0.715849	0.844900	0.070952	
PYROLYSIS_TO_FUELS	0.103964	0.004159	25.000000	0.000000	0.000040	Infinity	0.000000	-1.000000	1.000000	0.281496	0.844900	0.070952	
ATM_CCS	0.000000	0.000000	40.000000	0.000000	0.000000	0.000000	0.000000	-1.000000	1.000000	0.000000	1.000000	0.058278	
INDUSTRY_CCS	5872.744504	234.909780	40.000000	0.000000	3.044450	Infinity	0.000000	-1.000000	1.000000	0.945799	1.000000	0.058278	
WOOD_TO_METHANOL	0.064609	0.002584	20.000000	0.000000	0.000009	Infinity	0.000000	-1.000000	1.000000	0.052682	0.994000	0.080243	
AMMONIA_TO_H2	0.023630	0.002181	25.000000	0.000000	0.000030	Infinity	0.000000	-1.000000	1.000000	0.039808	0.854840	0.070952	
E_WOOD_TO_FT	53572.927289	2142.917092	20.000000	0.000000	14.633414	Infinity	0.000000	-1.000000	1.000000	0.994000	0.994000	0.080243	
WOOD_TO_FT	0.146479	0.005859	20.000000	0.000000	0.000047	Infinity	0.000000	-1.000000	1.000000	0.381826	0.994000	0.080243	
CO2_TO_FT	0.052572	0.002103	20.000000	0.000000	0.000097	Infinity	0.000000	-1.000000	1.000000	0.480743	0.913000	0.080243	
REFINERY_JETFUEL	0.000000	0.000000	40.000000	0.000000	14.633447	Infinity	0.000000	-1.000000	1.000000	0.994000	0.994000	0.058278	
REFINERY_GASOLINE	0.000000	0.000000	40.000000	0.000000	0.000021	Infinity	0.000000	-1.000000	1.000000	0.147063	0.994000	0.058278	
REFINERY_DIESEL	0.000000	0.000000	40.000000	0.000000	0.000029	Infinity	0.000000	-1.000000	1.000000	0.198783	0.994000	0.058278	
CEMENT_PROCESS	0.000000	0.000000	40.000000	6400.000000	6400.001061	Infinity	1.000000	-1.000000	1.000000	0.000114	1.000000	0.058278	
NATURAL_CO2_SEQUESTRATION	0.000000	0.000000	40.000000	0.000000	6.270000	6.270000	1.000000	-1.000000	1.000000	1.000000	1.000000	0.058278	
AGRICULTURE_EMISSIONS	0.000000	0.000000	40.000000	48000.000000	48000.000054	Infinity	1.000000	-1.000000	1.000000	0.000114	1.000000	0.058278	
BIOMASS_SEQUESTRATION	0.000000	0.000000	40.000000	0.000000	25.608217	Infinity	1.000000	-1.000000	1.000000	0.690194	1.000000	0.058278	
DAC_HT	0.060511	0.002239	25.000000	0.000000	0.000008	Infinity	0.000000	-1.000000	1.000000	0.037648	1.000000	0.070952	
DAC_LT	0.060844	0.002434	20.000000	0.000000	0.000010	Infinity	0.000000	-1.000000	1.000000	0.049316	1.000000	0.080243	
WOOD_GROWTH	0.000000	0.000000	100.000000	0.000000	0.000000	0.000000	0.000000	-1.000000	1.000000	0.000000	1.000000	0.050383	
WET_BIOMASS_GROWTH	0.000000	0.000000	100.000000	0.000000	0.000000	0.000000	0.000000	-1.000000	1.000000	0.000000	1.000000	0.050383	
SEQUESTRATION	0.000000	88.775834	40.000000	0.000000	2.739995	2.740000	0.000000	-1.000000	1.000000	0.945800	1.000000	0.058278	
GHG_EMISSIONS	0.000000	0.000000	100.000000	0.000000	14.803135	Infinity	0.000000	-1.000000	1.000000	0.802689	1.000000	0.050383	