TECHNOLOGIES	 c_inv	 c_maint	 lifetime	  f_min	 f	 f_max	 fmin_perc	f_perc	 fmax_perc	 c_p	 c_p_max	 tau	 gwp_constr
 UNITS	[M€/GW]	 [M€/GW/y]	 [y]	 [GW or GWh]	 [GW or GWh]	 [GW or GWh]	 [0-1]	 [0-1]	 [0-1]	 [0-1]	 [0-1]	 [-]	 [ktCO2-eq./GW or GWh] 
NUCLEAR	290743.790619	6175.858961	60.000000	0.000000	59.999998	60.000000	0.000000	0.443482	1.000000	0.843906	0.843906	0.052828	42472.798630
CCGT	20880.193823	528.827510	25.000000	4.000000	25.279909	Infinity	0.000000	0.023307	1.000000	0.105262	0.955769	0.070952	4646.194516
CCGT_AMMONIA	0.035250	0.000893	25.000000	0.000000	0.000043	Infinity	0.000000	0.000000	1.000000	0.035425	0.590000	0.070952	0.007844
COAL_US	0.000000	0.000000	35.000000	0.000000	0.000000	Infinity	0.000000	0.000000	1.000000	0.000000	0.862792	0.061072	0.000000
COAL_IGCC	0.000000	0.000000	35.000000	0.000000	0.000000	Infinity	0.000000	0.000000	1.000000	0.000000	0.850864	0.061072	0.000000
PV	20999.999894	2927.868058	25.000000	0.000000	209.999999	210.000000	0.000000	0.269738	1.000000	0.146653	1.000000	0.070952	267749.998648
WIND_ONSHORE	85646.996125	996.141131	30.000000	0.000000	74.999997	75.000000	0.000000	0.170023	1.000000	0.258831	1.000000	0.065051	46713.747887
WIND_OFFSHORE	2785.754344	19.381870	30.000000	0.000000	0.519992	60.000000	0.000000	0.002180	1.000000	0.478695	1.000000	0.065051	323.877157
HYDRO_RIVER	110988.218020	1109.785341	80.000000	0.000000	21.999996	22.000000	0.000000	0.091270	1.000000	0.473668	1.000000	0.051030	27782.034498
GEOTHERMAL	0.000000	0.000000	30.000000	0.000000	0.000000	0.000000	0.000000	0.000000	1.000000	0.000000	0.950000	0.065051	0.000000
IND_COGEN_GAS	0.032154	0.002067	25.000000	0.000000	0.000021	Infinity	0.000000	0.000000	1.000000	0.049730	0.844900	0.070952	0.021553
IND_COGEN_WOOD	0.055565	0.002034	25.000000	0.000000	0.000047	Infinity	0.000000	0.000001	1.000000	0.191146	0.844900	0.070952	0.007832
IND_COGEN_WASTE	0.046490	0.001714	25.000000	0.000000	0.000015	Infinity	0.000000	0.000000	1.000000	0.070691	0.844900	0.070952	0.009462
IND_BOILER_GAS	0.019375	0.000388	17.000000	0.000000	0.000274	Infinity	0.000000	0.000000	1.000000	0.025374	0.944300	0.088699	0.003378
IND_BOILER_WOOD	937.219486	18.743737	17.000000	0.000000	6.780636	Infinity	0.000000	0.359515	1.000000	0.847854	0.894600	0.088699	195.756957
IND_BOILER_OIL	0.018837	0.000405	17.000000	0.000000	0.000286	Infinity	0.000000	0.000000	1.000000	0.021913	0.944300	0.088699	0.003525
IND_BOILER_COAL	0.000000	0.000000	17.000000	0.000000	0.000000	Infinity	0.000000	0.000000	1.000000	0.000000	0.894600	0.088699	0.000000
IND_BOILER_WASTE	1281.479778	25.628703	17.000000	0.000000	9.271305	Infinity	0.000000	0.492880	1.000000	0.850109	0.894600	0.088699	267.662576
IND_DIRECT_ELEC	6228.619952	28.255598	15.000000	0.000000	16.064323	Infinity	0.000000	0.147602	1.000000	0.146928	0.944300	0.096342	23.614555
DHN_HP_ELEC	6916.385912	234.525845	25.000000	0.000000	17.477537	Infinity	0.000000	0.999995	1.000000	0.758522	0.944300	0.070952	3054.898778
DHN_COGEN_GAS	0.070351	0.002057	25.000000	0.000000	0.000052	Infinity	0.000000	0.000001	1.000000	0.092145	0.844900	0.070952	0.025365
DHN_COGEN_WOOD	0.038075	0.001394	25.000000	0.000000	0.000032	Infinity	0.000000	0.000001	1.000000	0.084997	0.844900	0.070952	0.005367
DHN_COGEN_WASTE	0.041584	0.001533	25.000000	0.000000	0.000013	Infinity	0.000000	0.000000	1.000000	0.045804	0.844900	0.070952	0.008464
DHN_COGEN_WET_BIOMASS	0.018229	0.001484	25.000000	0.000000	0.000012	Infinity	0.000000	0.000000	1.000000	0.023297	0.745500	0.070952	0.012514
DHN_COGEN_BIO_HYDROLYSIS	0.037852	0.001850	15.000000	0.000000	0.000008	Infinity	0.000000	0.000000	1.000000	0.034364	0.844900	0.096342	0.004980
DHN_BOILER_GAS	0.005653	0.000113	17.000000	0.000000	0.000080	Infinity	0.000000	0.000000	1.000000	0.043839	0.944300	0.088699	0.000986
DHN_BOILER_WOOD	0.009319	0.000186	17.000000	0.000000	0.000067	Infinity	0.000000	0.000001	1.000000	0.118176	0.894600	0.088699	0.001947
DHN_BOILER_OIL	0.005151	0.000111	17.000000	0.000000	0.000078	Infinity	0.000000	0.000000	1.000000	0.040412	0.944300	0.088699	0.000964
DHN_DEEP_GEO	0.000000	0.000000	30.000000	0.000000	0.000000	0.000000	0.000000	0.000000	1.000000	0.000000	0.844900	0.065051	0.000000
DHN_SOLAR	0.036349	0.000043	30.000000	0.000000	0.000095	Infinity	0.000000	0.000001	1.000000	0.116170	1.000000	0.065051	0.021085
DEC_HP_ELEC	92036.404879	3837.408041	18.000000	0.000000	162.959745	Infinity	0.000000	0.999994	1.000000	0.339188	1.000000	0.085546	26870.432382
DEC_THHP_GAS	0.097338	0.002845	20.000000	0.000000	0.000269	Infinity	0.000000	0.000001	1.000000	0.275941	1.000000	0.080243	0.102598
DEC_COGEN_GAS	0.057954	0.003725	20.000000	0.000000	0.000038	Infinity	0.000000	0.000000	1.000000	0.080420	1.000000	0.080243	0.038848
DEC_COGEN_OIL	0.048724	0.002989	20.000000	0.000000	0.000034	Infinity	0.000000	0.000000	1.000000	0.066244	1.000000	0.080243	0.035224
DEC_ADVCOGEN_GAS	0.075330	0.001404	20.000000	0.000000	0.000008	Infinity	0.000000	0.000000	1.000000	0.018769	1.000000	0.080243	0.017989
DEC_ADVCOGEN_H2	0.067711	0.001262	20.000000	0.000000	0.000007	Infinity	0.000000	0.000000	1.000000	0.015496	1.000000	0.080243	0.016169
DEC_BOILER_GAS	0.039175	0.001176	17.000000	0.000000	0.000206	Infinity	0.000000	0.000000	1.000000	0.046728	1.000000	0.088699	0.004343
DEC_BOILER_WOOD	0.164893	0.005770	17.000000	0.000000	0.000297	Infinity	0.000000	0.000002	1.000000	0.297006	1.000000	0.088699	0.006267
DEC_BOILER_OIL	0.030820	0.001849	17.000000	0.000000	0.000180	Infinity	0.000000	0.000000	1.000000	0.045597	1.000000	0.088699	0.003804
DEC_SOLAR	0.909654	0.010093	20.000000	0.000000	0.001201	20.000000	0.000000	0.000002	1.000000	0.078956	1.000000	0.080243	0.265634
DEC_DIRECT_ELEC	0.074293	0.000325	15.000000	0.000000	0.001704	Infinity	0.000000	0.000001	1.000000	0.035241	1.000000	0.096342	0.002504
TRAMWAY_TROLLEY	10181.127445	203.622549	30.000000	0.000000	16.289804	Infinity	0.000000	0.200000	0.200000	0.342466	0.342466	0.065051	0.000000
BUS_COACH_DIESEL	24304.601781	1284.978735	15.000000	0.000000	42.053850	Infinity	0.000000	0.447478	1.000000	0.296804	0.296804	0.096342	0.000000
BUS_COACH_HYDIESEL	0.200284	0.008116	15.000000	0.000000	0.000243	Infinity	0.000000	0.000003	1.000000	0.296678	0.296804	0.096342	0.000000
BUS_COACH_CNG_STOICH	10235.433606	534.577739	15.000000	0.000000	17.495271	Infinity	0.000000	0.186160	1.000000	0.296804	0.296804	0.096342	0.000000
BUS_COACH_FC_HYBRIDH2	0.006661	0.000187	15.000000	0.000000	0.000006	Infinity	0.000000	0.000000	1.000000	0.034025	0.296804	0.096342	0.000000
TRAIN_PUB	25405.723934	916.900801	40.000000	0.000000	16.869447	Infinity	0.000000	0.166359	0.500000	0.275073	0.275073	0.058278	0.000000
CAR_GASOLINE	0.007828	0.000473	15.000000	0.000000	0.000020	Infinity	0.000000	0.000000	1.000000	0.010081	0.051370	0.096342	0.000000
CAR_DIESEL	0.029249	0.001709	15.000000	0.000000	0.000071	Infinity	0.000000	0.000000	1.000000	0.036546	0.051370	0.096342	0.000000
CAR_NG	0.015267	0.000891	15.000000	0.000000	0.000037	Infinity	0.000000	0.000000	1.000000	0.019183	0.051370	0.096342	0.000000
CAR_METHANOL	0.005867	0.000354	15.000000	0.000000	0.000015	Infinity	0.000000	0.000000	1.000000	0.007534	0.051370	0.096342	0.000000
CAR_HEV	0.006041	0.000485	15.000000	0.000000	0.000014	Infinity	0.000000	0.000000	1.000000	0.007372	0.051370	0.096342	0.000000
CAR_PHEV	1.875506	0.134683	15.000000	0.000000	0.003961	Infinity	0.000000	0.000001	1.000000	0.025309	0.051370	0.096342	0.000000
CAR_BEV	999638.710133	16289.781151	15.000000	0.000000	1628.978115	Infinity	0.000000	0.999999	1.000000	0.051370	0.051370	0.096342	0.000000
CAR_FUEL_CELL	0.157248	0.001481	15.000000	0.000000	0.000148	Infinity	0.000000	0.000000	1.000000	0.058639	0.051370	0.096342	0.000000
PLANE	0.000000	0.000000	30.000000	0.000000	21.872146	Infinity	0.000000	1.000000	1.000000	1.000000	1.000000	0.065051	0.000000
BOAT_FREIGHT_DIESEL	0.096040	0.005078	40.000000	0.000000	0.001329	Infinity	0.000000	0.000066	1.000000	0.113813	0.114155	0.058278	0.000000
BOAT_FREIGHT_NG	1462.475329	76.382378	40.000000	0.000000	19.998295	Infinity	0.000000	0.999908	1.000000	0.114154	0.114155	0.058278	0.000000
BOAT_FREIGHT_METHANOL	0.038451	0.002033	40.000000	0.000000	0.000532	Infinity	0.000000	0.000026	1.000000	0.112325	0.114155	0.058278	0.000000
TRAIN_FREIGHT	1905.660626	38.111601	40.000000	0.000000	18.249958	Infinity	0.000000	1.000000	1.000000	0.342466	0.342466	0.058278	0.000000
TRUCK_DIESEL	0.134575	0.007115	15.000000	0.000000	0.000383	Infinity	0.000000	0.000003	1.000000	0.092296	0.092593	0.096342	0.000000
TRUCK_METHANOL	0.016627	0.000879	15.000000	0.000000	0.000047	Infinity	0.000000	0.000000	1.000000	0.043741	0.092593	0.096342	0.000000
TRUCK_FUEL_CELL	52265.346558	1466.091348	15.000000	0.000000	121.499283	Infinity	0.000000	0.999996	1.000000	0.092593	0.092593	0.096342	0.000000
TRUCK_ELEC	0.030515	0.000804	15.000000	0.000000	0.000035	Infinity	0.000000	0.000000	1.000000	0.033210	0.092593	0.096342	0.000000
TRUCK_NG	0.001486	0.000078	15.000000	0.000000	0.000004	Infinity	0.000000	0.000000	1.000000	0.003746	0.092593	0.096342	0.000000
HABER_BOSCH	5159.615908	100.877850	20.000000	0.000000	5.352465	Infinity	0.000000	1.000000	1.000000	0.811411	0.994000	0.080243	0.000000
CO2_TO_METHANOL	0.029132	0.001165	20.000000	0.000000	0.000036	Infinity	0.000000	0.000001	1.000000	0.068861	0.944300	0.080243	0.000000
E_WOOD_TO_METHANOL	7123.579273	284.943171	20.000000	0.000000	6.125176	Infinity	0.000000	0.999998	1.000000	0.994000	0.994000	0.080243	0.000000
METHANE_TO_METHANOL	0.034749	0.001390	25.000000	0.000000	0.000023	Infinity	0.000000	0.000001	1.000000	0.053385	0.844900	0.070952	0.000000
OIL_TO_HVC	904.542250	4.808967	15.000000	0.000000	2.012106	Infinity	0.000000	0.282772	1.000000	0.993998	0.994000	0.096342	0.000000
GAS_TO_HVC	0.033166	0.000829	25.000000	0.000000	0.000037	Infinity	0.000000	0.000000	1.000000	0.021983	0.994000	0.070952	0.000000
BIOMASS_TO_HVC	3222.806462	96.147984	20.000000	0.000000	0.973158	Infinity	0.000000	0.136763	1.000000	0.994000	0.994000	0.080243	0.000000
METHANOL_TO_HVC	3277.416496	294.965821	20.000000	0.000000	4.130382	Infinity	0.000000	0.580465	1.000000	0.993999	0.994000	0.080243	0.000000
PHS	323.399330	0.000000	50.000000	5.000000	5.499989	5.500000	0.000000	-1.000000	1.000000	0.025834	1.000000	0.054777	
BATT_LI	0.152114	0.000235	15.000000	0.000000	0.000303	Infinity	0.000000	-1.000000	1.000000	0.029160	1.000000	0.096342	
BEV_BATT	0.000000	0.000000	1.000000	0.000000	1616.049717	Infinity	0.000000	-1.000000	1.000000	0.002238	1.000000	1.050000	
PHEV_BATT	0.000000	0.000000	1.000000	0.000000	0.000786	Infinity	0.000000	-1.000000	1.000000	0.006979	1.000000	1.050000	
TS_DEC_DIRECT_ELEC	0.138151	0.000967	20.000000	0.000000	0.007283	Infinity	0.000000	-1.000000	1.000000	0.006727	1.000000	0.080243	
TS_DEC_HP_ELEC	4189.818627	29.331535	20.000000	0.000000	220.865505	Infinity	0.000000	-1.000000	1.000000	0.038524	1.000000	0.080243	
TS_DEC_THHP_GAS	0.126660	0.000887	20.000000	0.000000	0.006677	Infinity	0.000000	-1.000000	1.000000	0.002163	1.000000	0.080243	
TS_DEC_COGEN_GAS	0.126411	0.000885	20.000000	0.000000	0.006664	Infinity	0.000000	-1.000000	1.000000	0.000908	1.000000	0.080243	
TS_DEC_COGEN_OIL	0.126408	0.000885	20.000000	0.000000	0.006664	Infinity	0.000000	-1.000000	1.000000	0.000891	1.000000	0.080243	
TS_DEC_ADVCOGEN_GAS	0.126559	0.000886	20.000000	0.000000	0.006672	Infinity	0.000000	-1.000000	1.000000	0.000722	1.000000	0.080243	
TS_DEC_ADVCOGEN_H2	0.126677	0.000887	20.000000	0.000000	0.006678	Infinity	0.000000	-1.000000	1.000000	0.000716	1.000000	0.080243	
TS_DEC_BOILER_GAS	0.126795	0.000888	20.000000	0.000000	0.006684	Infinity	0.000000	-1.000000	1.000000	0.001103	1.000000	0.080243	
TS_DEC_BOILER_WOOD	0.128113	0.000897	20.000000	0.000000	0.006753	Infinity	0.000000	-1.000000	1.000000	0.002192	1.000000	0.080243	
TS_DEC_BOILER_OIL	0.126745	0.000887	20.000000	0.000000	0.006681	Infinity	0.000000	-1.000000	1.000000	0.001052	1.000000	0.080243	
TS_DHN_DAILY	0.177335	0.000508	40.000000	0.000000	0.059112	Infinity	0.000000	-1.000000	1.000000	0.000321	1.000000	0.058278	
TS_DHN_SEASONAL	13707.106545	74.859899	25.000000	0.000000	23232.383974	Infinity	0.000000	-1.000000	1.000000	0.000159	1.000000	0.070952	
TS_HIGH_TEMP	0.000000	0.000000	25.000000	0.000000	0.000000	0.000000	0.000000	-1.000000	1.000000	0.000000	1.000000	0.070952	
GAS_STORAGE	0.000000	32.230577	50.000000	0.000000	32230576.813460	Infinity	0.000000	-1.000000	1.000000	0.000000	1.000000	0.054777	
H2_STORAGE	0.000000	18.871340	20.000000	0.000000	18871339.600232	1000000000.000000	0.000000	-1.000000	1.000000	0.000000	1.000000	0.080243	
DIESEL_STORAGE	0.000000	16.957833	20.000000	0.000000	16957832.676307	Infinity	0.000000	-1.000000	1.000000	0.000000	1.000000	0.080243	
GASOLINE_STORAGE	0.000000	16.973569	20.000000	0.000000	16973568.768965	Infinity	0.000000	-1.000000	1.000000	0.000000	1.000000	0.080243	
LFO_STORAGE	0.000000	18.568319	20.000000	0.000000	18568319.134471	Infinity	0.000000	-1.000000	1.000000	0.000000	1.000000	0.080243	
AMMONIA_STORAGE	0.000000	17.637341	20.000000	0.000000	17637341.027033	Infinity	0.000000	-1.000000	1.000000	0.000000	1.000000	0.080243	
METHANOL_STORAGE	0.000000	18.155535	20.000000	0.000000	18155535.404205	Infinity	0.000000	-1.000000	1.000000	0.000000	1.000000	0.080243	
CO2_STORAGE	0.000000	6.743300	30.000000	0.000000	6743299.667513	Infinity	0.000000	-1.000000	1.000000	0.000000	1.000000	0.065051	
JETFUEL_STORAGE	0.000000	5.144663	30.000000	0.000000	5144663.073668	Infinity	0.000000	-1.000000	1.000000	0.000000	1.000000	0.065051	
WOOD_STORAGE	0.000000	10.333913	30.000000	0.000000	10333912.576295	Infinity	0.000000	-1.000000	1.000000	0.000000	1.000000	0.065051	
EFFICIENCY	5333.333333	0.000000	1.000000	0.000000	0.952381	Infinity	0.000000	-1.000000	1.000000	0.000000	1.000000	1.050000	
DHN	15027.276544	0.000000	60.000000	0.000000	18.195472	Infinity	0.000000	-1.000000	1.000000	0.000000	1.000000	0.052828	
GRID	179933.311502	0.000000	80.000000	0.000000	2.401703	Infinity	0.000000	-1.000000	1.000000	0.000000	1.000000	0.051030	
ALKALINE_ELECTROLYSIS	38332.038483	1533.281539	20.000000	0.000000	63.886731	Infinity	0.000000	-1.000000	1.000000	0.511541	0.894600	0.080243	
HT_ELECTROLYSIS	1264.098673	50.563947	20.000000	0.000000	1.541584	Infinity	0.000000	-1.000000	1.000000	0.792847	0.894600	0.080243	
SMR	0.023002	0.002123	25.000000	0.000000	0.000030	Infinity	0.000000	-1.000000	1.000000	0.061275	0.854840	0.070952	
BIO_HYDROLYSIS	17803.773794	1213.871303	15.000000	0.000000	9.826784	Infinity	0.000000	-1.000000	1.000000	0.844900	0.844900	0.096342	
H2_BIOMASS	0.037014	0.002608	25.000000	0.000000	0.000008	Infinity	0.000000	-1.000000	1.000000	0.034441	0.854840	0.070952	
WOOD_TO_METHANE	0.049809	0.001992	20.000000	0.000000	0.000020	Infinity	0.000000	-1.000000	1.000000	0.106064	0.844900	0.080243	
CO2_TO_METHANE	0.025096	0.001004	20.000000	0.000000	0.000043	Infinity	0.000000	-1.000000	1.000000	0.057164	0.844900	0.080243	
E_WOOD_TO_METHANE	0.592207	0.023688	20.000000	0.000000	0.000718	Infinity	0.000000	-1.000000	1.000000	0.843842	0.844900	0.080243	
BIOMETHANATION	0.033168	0.001327	20.000000	0.000000	0.000030	Infinity	0.000000	-1.000000	1.000000	0.075472	0.844900	0.080243	
PYROLYSIS_TO_LFO	0.119701	0.004788	25.000000	0.000000	0.000047	Infinity	0.000000	-1.000000	1.000000	0.369281	0.844900	0.070952	
PYROLYSIS_TO_FUELS	0.059673	0.002387	25.000000	0.000000	0.000023	Infinity	0.000000	-1.000000	1.000000	0.129647	0.844900	0.070952	
ATM_CCS	0.000000	0.000000	40.000000	0.000000	0.000000	0.000000	0.000000	-1.000000	1.000000	0.000000	1.000000	0.058278	
INDUSTRY_CCS	5872.764695	234.910588	40.000000	0.000000	3.044461	Infinity	0.000000	-1.000000	1.000000	0.999994	1.000000	0.058278	
WOOD_TO_METHANOL	0.047285	0.001891	20.000000	0.000000	0.000007	Infinity	0.000000	-1.000000	1.000000	0.034212	0.994000	0.080243	
AMMONIA_TO_H2	0.019003	0.001754	25.000000	0.000000	0.000025	Infinity	0.000000	-1.000000	1.000000	0.024896	0.854840	0.070952	
E_WOOD_TO_FT	53572.985570	2142.919423	20.000000	0.000000	14.633430	Infinity	0.000000	-1.000000	1.000000	0.994000	0.994000	0.080243	
WOOD_TO_FT	0.084263	0.003371	20.000000	0.000000	0.000027	Infinity	0.000000	-1.000000	1.000000	0.195782	0.994000	0.080243	
CO2_TO_FT	0.042707	0.001708	20.000000	0.000000	0.000079	Infinity	0.000000	-1.000000	1.000000	0.367710	0.913000	0.080243	
REFINERY_JETFUEL	0.000000	0.000000	40.000000	0.000000	14.633451	Infinity	0.000000	-1.000000	1.000000	0.994000	0.994000	0.058278	
REFINERY_GASOLINE	0.000000	0.000000	40.000000	0.000000	0.000016	Infinity	0.000000	-1.000000	1.000000	0.109837	0.994000	0.058278	
REFINERY_DIESEL	0.000000	0.000000	40.000000	0.000000	0.000021	Infinity	0.000000	-1.000000	1.000000	0.142455	0.994000	0.058278	
CEMENT_PROCESS	0.000000	0.000000	40.000000	6400.000000	6400.000276	Infinity	1.000000	-1.000000	1.000000	0.000114	1.000000	0.058278	
NATURAL_CO2_SEQUESTRATION	0.000000	0.000000	40.000000	0.000000	6.270000	6.270000	1.000000	-1.000000	1.000000	1.000000	1.000000	0.058278	
AGRICULTURE_EMISSIONS	0.000000	0.000000	40.000000	48000.000000	48000.000026	Infinity	1.000000	-1.000000	1.000000	0.000114	1.000000	0.058278	
BIOMASS_SEQUESTRATION	0.000000	0.000000	40.000000	0.000000	24.599749	Infinity	1.000000	-1.000000	1.000000	0.701556	1.000000	0.058278	
DAC_HT	0.045607	0.001687	25.000000	0.000000	0.000006	Infinity	0.000000	-1.000000	1.000000	0.024880	1.000000	0.070952	
DAC_LT	0.045122	0.001805	20.000000	0.000000	0.000007	Infinity	0.000000	-1.000000	1.000000	0.032540	1.000000	0.080243	
WOOD_GROWTH	0.000000	0.000000	100.000000	0.000000	0.000000	0.000000	0.000000	-1.000000	1.000000	0.000000	1.000000	0.050383	
WET_BIOMASS_GROWTH	0.000000	0.000000	100.000000	0.000000	0.000000	0.000000	0.000000	-1.000000	1.000000	0.000000	1.000000	0.050383	
SEQUESTRATION	0.000000	88.775978	40.000000	0.000000	2.739999	2.740000	0.000000	-1.000000	1.000000	0.999997	1.000000	0.058278	
GHG_EMISSIONS	0.000000	0.000000	100.000000	0.000000	14.587265	Infinity	0.000000	-1.000000	1.000000	0.804285	1.000000	0.050383	