Name	C_inv	C_maint	C_op
NUCLEAR	15359.466864	6175.859058	0.000000
CCGT	1824.163486	651.142182	0.000000
CCGT_AMMONIA	0.001219	0.000435	0.000000
COAL_US	0.000000	0.000000	0.000000
COAL_IGCC	0.000000	0.000000	0.000000
PV	1490.001596	2927.868059	0.000000
WIND_ONSHORE	5571.460237	996.141172	0.000000
WIND_OFFSHORE	0.011206	0.001199	0.000000
HYDRO_RIVER	1202.754800	235.676804	0.000000
GEOTHERMAL	0.000000	0.000000	0.000000
IND_COGEN_GAS	0.001102	0.000998	0.000000
IND_COGEN_WOOD	0.002262	0.001167	0.000000
IND_COGEN_WASTE	0.001741	0.000905	0.000000
IND_BOILER_GAS	0.000893	0.000202	0.000000
IND_BOILER_WOOD	117.579739	26.511112	0.000000
IND_BOILER_OIL	0.000874	0.000212	0.000000
IND_BOILER_COAL	0.000000	0.000000	0.000000
IND_BOILER_WASTE	125.706274	28.343431	0.000000
IND_DIRECT_ELEC	741.309131	34.905597	0.000000
DHN_HP_ELEC	522.556573	249.733824	0.000000
DHN_COGEN_GAS	0.002653	0.001093	0.000000
DHN_COGEN_WOOD	0.001624	0.000838	0.000000
DHN_COGEN_WASTE	0.001548	0.000804	0.000000
DHN_COGEN_WET_BIOMASS	0.000716	0.000821	0.000000
DHN_COGEN_BIO_HYDROLYSIS	0.001750	0.000887	0.000000
DHN_BOILER_GAS	0.000200	0.000045	0.000000
DHN_BOILER_WOOD	0.000511	0.000115	0.000000
DHN_BOILER_OIL	0.000185	0.000045	0.000000
DHN_DEEP_GEO	0.000000	0.000000	0.000000
DHN_SOLAR	0.000915	0.000017	0.000000
DEC_HP_ELEC	7851.703329	3826.849483	0.000000
DEC_THHP_GAS	0.009621	0.003504	0.000000
DEC_COGEN_GAS	0.002441	0.001955	0.000000
DEC_COGEN_OIL	0.002261	0.001729	0.000000
DEC_ADVCOGEN_GAS	0.003018	0.000701	0.000000
DEC_ADVCOGEN_H2	0.002692	0.000625	0.000000
DEC_BOILER_GAS	0.001720	0.000582	0.000000
DEC_BOILER_WOOD	21.757601	8.583171	0.000000
DEC_BOILER_OIL	0.001343	0.000908	0.000000
DEC_SOLAR	5.105516	0.705943	0.000000
DEC_DIRECT_ELEC	0.002363	0.000107	0.000000
TRAMWAY_TROLLEY	662.296947	203.622548	0.000000
BUS_COACH_DIESEL	0.384511	0.211008	0.000000
BUS_COACH_HYDIESEL	0.001086	0.000457	0.000000
BUS_COACH_CNG_STOICH	4237.266552	2297.065899	0.000000
BUS_COACH_FC_HYBRIDH2	0.000362	0.000106	0.000000
TRAIN_PUB	0.007853	0.004863	0.000000
CAR_GASOLINE	0.000393	0.000246	0.000000
CAR_DIESEL	0.000272	0.000165	0.000000
CAR_NG	0.000601	0.000364	0.000000
CAR_METHANOL	0.000244	0.000153	0.000000
CAR_HEV	0.000205	0.000171	0.000000
CAR_PHEV	0.067567	0.050363	0.000000
CAR_BEV	96307.567688	16289.795963	0.000000
CAR_FUEL_CELL	0.000925	0.000090	0.000000
PLANE	0.000000	0.000000	0.000000
BOAT_FREIGHT_DIESEL	0.003200	0.002903	0.000000
BOAT_FREIGHT_NG	85.233109	76.384830	0.000000
BOAT_FREIGHT_METHANOL	0.001291	0.001171	0.000000
TRAIN_FREIGHT	111.058403	38.111603	0.000000
TRUCK_DIESEL	2360.541145	1295.384173	0.000000
TRUCK_METHANOL	0.000805	0.000442	0.000000
TRUCK_FUEL_CELL	2142.158871	623.708868	0.000000
TRUCK_ELEC	0.000474	0.000130	0.000000
TRUCK_NG	0.000078	0.000042	0.000000
HABER_BOSCH	421.125932	102.609012	0.000000
CO2_TO_METHANOL	0.000877	0.000437	0.000000
E_WOOD_TO_METHANOL	93.203867	46.461048	0.000000
METHANE_TO_METHANOL	0.000961	0.000542	0.000000
OIL_TO_HVC	87.145628	4.808965	0.000000
GAS_TO_HVC	0.000880	0.000310	0.000000
BIOMASS_TO_HVC	1356.206455	504.227863	0.000000
METHANOL_TO_HVC	0.001310	0.001469	0.000000
PHS	17.714777	0.000000	0.000000
BATT_LI	0.006688	0.000107	0.000000
BEV_BATT	0.000000	0.000000	0.000000
PHEV_BATT	0.000000	0.000000	0.000000
TS_DEC_DIRECT_ELEC	0.003569	0.000311	0.000000
TS_DEC_HP_ELEC	385.920825	33.669205	0.000000
TS_DEC_THHP_GAS	0.003531	0.000308	0.000000
TS_DEC_COGEN_GAS	0.003514	0.000307	0.000000
TS_DEC_COGEN_OIL	0.003518	0.000307	0.000000
TS_DEC_ADVCOGEN_GAS	0.003523	0.000307	0.000000
TS_DEC_ADVCOGEN_H2	0.003522	0.000307	0.000000
TS_DEC_BOILER_GAS	0.003535	0.000308	0.000000
TS_DEC_BOILER_WOOD	0.488125	0.042586	0.000000
TS_DEC_BOILER_OIL	0.003534	0.000308	0.000000
TS_DHN_DAILY	0.003641	0.000179	0.000000
TS_DHN_SEASONAL	844.610952	65.011878	0.000000
TS_HIGH_TEMP	0.000000	0.000000	0.000000
GAS_STORAGE	0.000000	32.904960	0.000000
H2_STORAGE	0.000000	19.141982	0.000000
DIESEL_STORAGE	0.000000	17.141883	0.000000
GASOLINE_STORAGE	0.000000	17.175984	0.000000
LFO_STORAGE	0.000000	18.755005	0.000000
AMMONIA_STORAGE	0.000000	17.854664	0.000000
METHANOL_STORAGE	0.000000	18.356899	0.000000
CO2_STORAGE	0.000000	6.730524	0.000000
JETFUEL_STORAGE	0.000000	5.148203	0.000000
WOOD_STORAGE	0.000000	10.350467	0.000000
EFFICIENCY	5600.000000	0.000000	0.000000
DHN	843.837133	0.000000	0.000000
GRID	9172.170224	0.000000	0.000000
ALKALINE_ELECTROLYSIS	1235.958019	616.110752	0.000000
HT_ELECTROLYSIS	1683.498855	839.204674	0.000000
SMR	0.000657	0.000854	0.000000
BIO_HYDROLYSIS	1715.258398	1213.872791	0.000000
H2_BIOMASS	0.001180	0.001172	0.000000
WOOD_TO_METHANE	0.001838	0.000916	0.000000
CO2_TO_METHANE	0.000733	0.000365	0.000000
E_WOOD_TO_METHANE	556.813361	277.565009	0.000000
BIOMETHANATION	0.001152	0.000574	0.000000
PYROLYSIS_TO_LFO	0.004790	0.002700	0.000000
PYROLYSIS_TO_FUELS	0.002366	0.001334	0.000000
ATM_CCS	0.000000	0.000000	0.000000
INDUSTRY_CCS	342.252362	234.909513	0.000000
WOOD_TO_METHANOL	0.001578	0.000787	0.000000
AMMONIA_TO_H2	0.000507	0.000659	0.000000
E_WOOD_TO_FT	4298.841352	2142.922606	0.000000
WOOD_TO_FT	0.003689	0.001839	0.000000
CO2_TO_FT	0.001223	0.000610	0.000000
REFINERY_JETFUEL	0.000000	0.000000	0.000000
REFINERY_GASOLINE	0.000000	0.000000	0.000000
REFINERY_DIESEL	0.000000	0.000000	0.000000
CEMENT_PROCESS	0.000000	0.000000	0.000000
NATURAL_CO2_SEQUESTRATION	0.000000	0.000000	0.000000
AGRICULTURE_EMISSIONS	0.000000	0.000000	0.000000
BIOMASS_SEQUESTRATION	0.000000	0.000000	0.000000
DAC_HT	0.001283	0.000669	0.000000
DAC_LT	0.001436	0.000716	0.000000
WOOD_GROWTH	0.000000	0.000000	0.000000
WET_BIOMASS_GROWTH	0.000000	0.000000	0.000000
SEQUESTRATION	0.000000	88.775979	0.000000
GHG_EMISSIONS	0.000000	0.000000	0.000000
ELECTRICITY	0.000000	0.000000	0.000000
GASOLINE	0.000000	0.000000	0.000000
DIESEL	0.000000	0.000000	0.000000
BIOETHANOL	0.000000	0.000000	0.000000
BIODIESEL	0.000000	0.000000	0.000000
LFO	0.000000	0.000000	0.000000
GAS	0.000000	0.000000	0.000000
JETFUEL_RE	0.000000	0.000000	0.000000
JETFUEL	0.000000	0.000000	2729.999062
FT_FUEL	0.000000	0.000000	0.000000
GAS_RE	0.000000	0.000000	0.000000
WOOD	0.000000	0.000000	0.000000
WET_BIOMASS	0.000000	0.000000	0.000000
COAL	0.000000	0.000000	0.000000
URANIUM	0.000000	0.000000	5087.405565
WASTE	0.000000	0.000000	1800.965899
H2	0.000000	0.000000	0.000000
H2_RE	0.000000	0.000000	0.000000
AMMONIA	0.000000	0.000000	0.000000
METHANOL	0.000000	0.000000	0.000000
AMMONIA_RE	0.000000	0.000000	0.000000
METHANOL_RE	0.000000	0.000000	0.000000
ELEC_EXPORT	0.000000	0.000000	0.000000
CO2_EMISSIONS	0.000000	0.000000	0.000000
RES_WIND	0.000000	0.000000	0.000000
RES_SOLAR	0.000000	0.000000	0.000000
RES_HYDRO	0.000000	0.000000	0.000000
RES_GEO	0.000000	0.000000	0.000000
CO2_ATMOSPHERE	0.000000	0.000000	0.000000
CO2_CENTRALISED	0.000000	0.000000	0.000000
CO2_CAPTURED	0.000000	0.000000	0.000000
CO2_DECENTRALISED	0.000000	0.000000	0.000000
OTHER_GHG	0.000000	0.000000	0.000000
OLIVE_PITS	0.000000	0.000000	0.936584
APPLES	0.000000	0.000000	0.019885
CEREALSTRAW	0.000000	0.000000	383.968502
CHERRIES	0.000000	0.000000	7.659357
MAIZESTRAW	0.000000	0.000000	90.672403
OLIVES	0.000000	0.000000	0.006593
OSR	0.000000	0.000000	43.704402
RICESTRAW	0.000000	0.000000	3.390990
VINEYARDS	0.000000	0.000000	46.730098
MISCANTHUS	0.000000	0.000000	0.030282
SWITCHGRASS	0.000000	0.000000	293.572774
WILLOW	0.000000	0.000000	0.003031
POPLAR	0.000000	0.000000	0.002416
CP_RES	0.000000	0.000000	1560.615671
FUELWOOD_RES	0.000000	0.000000	459.105703
LANDSCAPECARE	0.000000	0.000000	296.354309
MSW	0.000000	0.000000	7.218956
FUELWOODRW	0.000000	0.000000	353.096703
OTHERSECRESID	0.000000	0.000000	84.729602
SAWDUST	0.000000	0.000000	1.100000
CP_RW	0.000000	0.000000	1962.945934
GRASS_FOR_BIOGAS	0.000000	0.000000	2.229979
MAIZE_SILAGE	0.000000	0.000000	8.849091
SUGARBEETTOPS	0.000000	0.000000	5.975990
MANURE_LIQ	0.000000	0.000000	212.098470
MANURE_SOL	0.000000	0.000000	2691.645403
SLUDGE	0.000000	0.000000	0.071039
