Name	C_inv	C_maint	C_op
NUCLEAR	15359.467054	6175.859135	0.000000
CCGT	234.415651	83.675569	0.000000
CCGT_AMMONIA	0.000438	0.000156	0.000000
COAL_US	0.000000	0.000000	0.000000
COAL_IGCC	0.000000	0.000000	0.000000
PV	1490.001600	2927.868067	0.000000
WIND_ONSHORE	5571.460128	996.141153	0.000000
WIND_OFFSHORE	20910.002924	2236.403049	0.000000
HYDRO_RIVER	5663.687971	1109.785535	0.000000
GEOTHERMAL	0.000000	0.000000	0.000000
IND_COGEN_GAS	0.000601	0.000544	0.000000
IND_COGEN_WOOD	0.000407	0.000210	0.000000
IND_COGEN_WASTE	0.000673	0.000350	0.000000
IND_BOILER_GAS	0.000491	0.000111	0.000000
IND_BOILER_WOOD	0.000461	0.000104	0.000000
IND_BOILER_OIL	0.000457	0.000111	0.000000
IND_BOILER_COAL	0.000000	0.000000	0.000000
IND_BOILER_WASTE	196.227749	44.244153	0.000000
IND_DIRECT_ELEC	764.439998	35.994747	0.000000
DHN_HP_ELEC	691.264713	330.360747	0.000000
DHN_COGEN_GAS	0.000636	0.000262	0.000000
DHN_COGEN_WOOD	0.000439	0.000227	0.000000
DHN_COGEN_WASTE	0.000611	0.000317	0.000000
DHN_COGEN_WET_BIOMASS	0.000343	0.000393	0.000000
DHN_COGEN_BIO_HYDROLYSIS	0.001179	0.000598	0.000000
DHN_BOILER_GAS	0.000123	0.000028	0.000000
DHN_BOILER_WOOD	0.000193	0.000043	0.000000
DHN_BOILER_OIL	0.000116	0.000028	0.000000
DHN_DEEP_GEO	0.000000	0.000000	0.000000
DHN_SOLAR	0.001013	0.000018	0.000000
DEC_HP_ELEC	7873.406876	3837.427596	0.000000
DEC_THHP_GAS	0.000933	0.000340	0.000000
DEC_COGEN_GAS	0.000763	0.000612	0.000000
DEC_COGEN_OIL	0.000697	0.000533	0.000000
DEC_ADVCOGEN_GAS	0.001273	0.000296	0.000000
DEC_ADVCOGEN_H2	0.001229	0.000285	0.000000
DEC_BOILER_GAS	0.000873	0.000295	0.000000
DEC_BOILER_WOOD	0.000860	0.000339	0.000000
DEC_BOILER_OIL	0.000674	0.000456	0.000000
DEC_SOLAR	0.018099	0.002503	0.000000
DEC_DIRECT_ELEC	0.001175	0.000053	0.000000
TRAMWAY_TROLLEY	662.296944	203.622547	0.000000
BUS_COACH_DIESEL	0.001638	0.000899	0.000000
BUS_COACH_HYDIESEL	2234.286830	939.795000	0.000000
BUS_COACH_CNG_STOICH	0.000526	0.000285	0.000000
BUS_COACH_FC_HYBRIDH2	0.000149	0.000043	0.000000
TRAIN_PUB	4450.018220	2755.793850	0.000000
CAR_GASOLINE	0.000043	0.000027	0.000000
CAR_DIESEL	0.000087	0.000053	0.000000
CAR_NG	0.000120	0.000073	0.000000
CAR_METHANOL	0.000035	0.000022	0.000000
CAR_HEV	0.000051	0.000043	0.000000
CAR_PHEV	0.035374	0.026367	0.000000
CAR_BEV	96307.589537	16289.799659	0.000000
CAR_FUEL_CELL	0.002073	0.000203	0.000000
PLANE	0.000000	0.000000	0.000000
BOAT_FREIGHT_DIESEL	63.911603	57.982419	0.000000
BOAT_FREIGHT_NG	20.538617	18.406448	0.000000
BOAT_FREIGHT_METHANOL	0.000331	0.000300	0.000000
TRAIN_FREIGHT	111.058409	38.111605	0.000000
TRUCK_DIESEL	0.002478	0.001360	0.000000
TRUCK_METHANOL	0.000054	0.000030	0.000000
TRUCK_FUEL_CELL	5035.378145	1466.095743	0.000000
TRUCK_ELEC	0.001805	0.000493	0.000000
TRUCK_NG	0.000019	0.000010	0.000000
HABER_BOSCH	568.467776	138.509440	0.000000
CO2_TO_METHANOL	190.907994	95.165423	0.000000
E_WOOD_TO_METHANOL	187.592423	93.512650	0.000000
METHANE_TO_METHANOL	316.381339	178.362442	0.000000
OIL_TO_HVC	87.145493	4.808957	0.000000
GAS_TO_HVC	0.000516	0.000182	0.000000
BIOMASS_TO_HVC	0.000648	0.000241	0.000000
METHANOL_TO_HVC	324.950796	364.462410	0.000000
PHS	17.714774	0.000000	0.000000
BATT_LI	0.004314	0.000069	0.000000
BEV_BATT	0.000000	0.000000	0.000000
PHEV_BATT	0.000000	0.000000	0.000000
TS_DEC_DIRECT_ELEC	0.002122	0.000185	0.000000
TS_DEC_HP_ELEC	262.429339	22.895336	0.000000
TS_DEC_THHP_GAS	0.002091	0.000182	0.000000
TS_DEC_COGEN_GAS	0.002101	0.000183	0.000000
TS_DEC_COGEN_OIL	0.002105	0.000184	0.000000
TS_DEC_ADVCOGEN_GAS	0.002108	0.000184	0.000000
TS_DEC_ADVCOGEN_H2	0.002110	0.000184	0.000000
TS_DEC_BOILER_GAS	0.002098	0.000183	0.000000
TS_DEC_BOILER_WOOD	0.002127	0.000186	0.000000
TS_DEC_BOILER_OIL	0.002097	0.000183	0.000000
TS_DHN_DAILY	0.002276	0.000112	0.000000
TS_DHN_SEASONAL	683.034733	52.574941	0.000000
TS_HIGH_TEMP	0.000000	0.000000	0.000000
GAS_STORAGE	0.000000	28.882769	0.000000
H2_STORAGE	0.000000	17.036594	0.000000
DIESEL_STORAGE	0.000000	15.291029	0.000000
GASOLINE_STORAGE	0.000000	15.320487	0.000000
LFO_STORAGE	0.000000	16.711394	0.000000
AMMONIA_STORAGE	0.000000	15.897338	0.000000
METHANOL_STORAGE	0.000000	16.348621	0.000000
CO2_STORAGE	0.000000	5.992533	0.000000
JETFUEL_STORAGE	0.000000	4.588882	0.000000
WOOD_STORAGE	0.000000	9.228499	0.000000
EFFICIENCY	5600.000000	0.000000	0.000000
DHN	1322.492030	0.000000	0.000000
GRID	10298.291321	0.000000	0.000000
ALKALINE_ELECTROLYSIS	3365.812832	1677.818699	0.000000
HT_ELECTROLYSIS	1426.851408	711.268895	0.000000
SMR	0.000372	0.000484	0.000000
BIO_HYDROLYSIS	976.641057	691.160007	0.000000
H2_BIOMASS	0.000401	0.000398	0.000000
WOOD_TO_METHANE	0.000539	0.000269	0.000000
CO2_TO_METHANE	0.000402	0.000200	0.000000
E_WOOD_TO_METHANE	0.000499	0.000249	0.000000
BIOMETHANATION	0.000505	0.000252	0.000000
PYROLYSIS_TO_LFO	0.000755	0.000426	0.000000
PYROLYSIS_TO_FUELS	0.000460	0.000259	0.000000
ATM_CCS	0.000000	0.000000	0.000000
INDUSTRY_CCS	488.801176	335.495264	0.000000
WOOD_TO_METHANOL	0.000746	0.000372	0.000000
AMMONIA_TO_H2	0.000275	0.000358	0.000000
E_WOOD_TO_FT	0.001201	0.000599	0.000000
WOOD_TO_FT	0.000665	0.000331	0.000000
CO2_TO_FT	690.337465	344.125228	0.000000
REFINERY_JETFUEL	0.000000	0.000000	0.000000
REFINERY_GASOLINE	0.000000	0.000000	0.000000
REFINERY_DIESEL	0.000000	0.000000	0.000000
CEMENT_PROCESS	0.000000	0.000000	0.000000
NATURAL_CO2_SEQUESTRATION	0.000000	0.000000	0.000000
AGRICULTURE_EMISSIONS	0.000000	0.000000	0.000000
BIOMASS_SEQUESTRATION	0.000000	0.000000	0.000000
DAC_HT	0.001480	0.000772	0.000000
DAC_LT	1928.636856	961.433195	0.000000
WOOD_GROWTH	0.000000	0.000000	0.000000
WET_BIOMASS_GROWTH	0.000000	0.000000	0.000000
SEQUESTRATION	0.000000	88.775998	0.000000
GHG_EMISSIONS	0.000000	0.000000	0.000000
ELECTRICITY	0.000000	0.000000	0.000000
GASOLINE	0.000000	0.000000	0.000000
DIESEL	0.000000	0.000000	0.000000
BIOETHANOL	0.000000	0.000000	0.000000
BIODIESEL	0.000000	0.000000	0.000000
LFO	0.000000	0.000000	0.000000
GAS	0.000000	0.000000	0.000000
JETFUEL_RE	0.000000	0.000000	0.000000
JETFUEL	0.000000	0.000000	2729.998785
FT_FUEL	0.000000	0.000000	0.000000
GAS_RE	0.000000	0.000000	0.000000
WOOD	0.000000	0.000000	0.000000
WET_BIOMASS	0.000000	0.000000	0.000000
COAL	0.000000	0.000000	0.000000
URANIUM	0.000000	0.000000	5087.405629
WASTE	0.000000	0.000000	1800.965895
H2	0.000000	0.000000	0.000000
H2_RE	0.000000	0.000000	0.000000
AMMONIA	0.000000	0.000000	0.000000
METHANOL	0.000000	0.000000	0.000000
AMMONIA_RE	0.000000	0.000000	0.000000
METHANOL_RE	0.000000	0.000000	0.000000
ELEC_EXPORT	0.000000	0.000000	0.000000
CO2_EMISSIONS	0.000000	0.000000	0.000000
RES_WIND	0.000000	0.000000	0.000000
RES_SOLAR	0.000000	0.000000	0.000000
RES_HYDRO	0.000000	0.000000	0.000000
RES_GEO	0.000000	0.000000	0.000000
CO2_ATMOSPHERE	0.000000	0.000000	0.000000
CO2_CENTRALISED	0.000000	0.000000	0.000000
CO2_CAPTURED	0.000000	0.000000	0.000000
CO2_DECENTRALISED	0.000000	0.000000	0.000000
OTHER_GHG	0.000000	0.000000	0.000000
OLIVE_PITS	0.000000	0.000000	0.468288
APPLES	0.000000	0.000000	0.853521
CEREALSTRAW	0.000000	0.000000	295.705724
CHERRIES	0.000000	0.000000	0.032173
MAIZESTRAW	0.000000	0.000000	52.147592
OLIVES	0.000000	0.000000	0.003748
OSR	0.000000	0.000000	23.060998
RICESTRAW	0.000000	0.000000	2.030176
VINEYARDS	0.000000	0.000000	22.097394
MISCANTHUS	0.000000	0.000000	0.000562
SWITCHGRASS	0.000000	0.000000	0.000549
WILLOW	0.000000	0.000000	0.000833
POPLAR	0.000000	0.000000	0.000914
CP_RES	0.000000	0.000000	507.846479
FUELWOOD_RES	0.000000	0.000000	149.570997
LANDSCAPECARE	0.000000	0.000000	128.921860
MSW	0.000000	0.000000	1.787721
FUELWOODRW	0.000000	0.000000	337.837898
OTHERSECRESID	0.000000	0.000000	37.940501
SAWDUST	0.000000	0.000000	0.660000
CP_RW	0.000000	0.000000	0.003704
GRASS_FOR_BIOGAS	0.000000	0.000000	2.027245
MAIZE_SILAGE	0.000000	0.000000	8.044379
SUGARBEETTOPS	0.000000	0.000000	4.249154
MANURE_LIQ	0.000000	0.000000	130.817997
MANURE_SOL	0.000000	0.000000	1491.876007
SLUDGE	0.000000	0.000000	0.060132
