Name	C_inv	C_maint	C_op
NUCLEAR	15359.467104	6175.859155	0.000000
CCGT	1506.852131	537.876672	0.000000
CCGT_AMMONIA	0.000413	0.000147	0.000000
COAL_US	0.000000	0.000000	0.000000
COAL_IGCC	0.000000	0.000000	0.000000
PV	1490.001594	2927.868055	0.000000
WIND_ONSHORE	5571.460255	996.141175	0.000000
WIND_OFFSHORE	0.003306	0.000354	0.000000
HYDRO_RIVER	5309.057015	1040.296484	0.000000
GEOTHERMAL	0.000000	0.000000	0.000000
IND_COGEN_GAS	0.000356	0.000323	0.000000
IND_COGEN_WOOD	0.000608	0.000314	0.000000
IND_COGEN_WASTE	0.000466	0.000242	0.000000
IND_BOILER_GAS	0.000273	0.000062	0.000000
IND_BOILER_WOOD	72.992045	16.457770	0.000000
IND_BOILER_OIL	0.000268	0.000065	0.000000
IND_BOILER_COAL	0.000000	0.000000	0.000000
IND_BOILER_WASTE	113.284822	25.542723	0.000000
IND_DIRECT_ELEC	567.816854	26.736466	0.000000
DHN_HP_ELEC	495.744411	236.920084	0.000000
DHN_COGEN_GAS	0.000635	0.000262	0.000000
DHN_COGEN_WOOD	0.000332	0.000171	0.000000
DHN_COGEN_WASTE	0.000368	0.000191	0.000000
DHN_COGEN_WET_BIOMASS	0.000193	0.000222	0.000000
DHN_COGEN_BIO_HYDROLYSIS	0.000459	0.000233	0.000000
DHN_BOILER_GAS	0.000047	0.000011	0.000000
DHN_BOILER_WOOD	0.000100	0.000023	0.000000
DHN_BOILER_OIL	0.000044	0.000011	0.000000
DHN_DEEP_GEO	0.000000	0.000000	0.000000
DHN_SOLAR	0.000236	0.000004	0.000000
DEC_HP_ELEC	7873.614144	3837.528617	0.000000
DEC_THHP_GAS	0.001357	0.000494	0.000000
DEC_COGEN_GAS	0.000658	0.000527	0.000000
DEC_COGEN_OIL	0.000567	0.000434	0.000000
DEC_ADVCOGEN_GAS	0.000859	0.000199	0.000000
DEC_ADVCOGEN_H2	0.000808	0.000188	0.000000
DEC_BOILER_GAS	0.000509	0.000172	0.000000
DEC_BOILER_WOOD	0.002388	0.000942	0.000000
DEC_BOILER_OIL	0.000401	0.000271	0.000000
DEC_SOLAR	0.007263	0.001004	0.000000
DEC_DIRECT_ELEC	0.001099	0.000050	0.000000
TRAMWAY_TROLLEY	662.296941	203.622546	0.000000
BUS_COACH_DIESEL	2341.657716	1285.031846	0.000000
BUS_COACH_HYDIESEL	0.000343	0.000144	0.000000
BUS_COACH_CNG_STOICH	1867.236028	1012.247909	0.000000
BUS_COACH_FC_HYBRIDH2	0.000057	0.000017	0.000000
TRAIN_PUB	0.000289	0.000179	0.000000
CAR_GASOLINE	0.000093	0.000058	0.000000
CAR_DIESEL	0.000213	0.000129	0.000000
CAR_NG	0.000167	0.000101	0.000000
CAR_METHANOL	0.000078	0.000049	0.000000
CAR_HEV	0.000062	0.000051	0.000000
CAR_PHEV	0.019603	0.014611	0.000000
CAR_BEV	96307.599540	16289.801351	0.000000
CAR_FUEL_CELL	0.000280	0.000027	0.000000
PLANE	0.000000	0.000000	0.000000
BOAT_FREIGHT_DIESEL	0.000822	0.000746	0.000000
BOAT_FREIGHT_NG	85.236523	76.387889	0.000000
BOAT_FREIGHT_METHANOL	0.000289	0.000262	0.000000
TRAIN_FREIGHT	111.058408	38.111605	0.000000
TRUCK_DIESEL	0.001204	0.000661	0.000000
TRUCK_METHANOL	0.000091	0.000050	0.000000
TRUCK_FUEL_CELL	5035.380105	1466.096314	0.000000
TRUCK_ELEC	0.000053	0.000015	0.000000
TRUCK_NG	0.000015	0.000008	0.000000
HABER_BOSCH	414.017738	100.877072	0.000000
CO2_TO_METHANOL	0.000259	0.000129	0.000000
E_WOOD_TO_METHANOL	341.210939	170.089700	0.000000
METHANE_TO_METHANOL	0.000274	0.000155	0.000000
OIL_TO_HVC	87.145482	4.808956	0.000000
GAS_TO_HVC	0.000252	0.000089	0.000000
BIOMASS_TO_HVC	787.206226	292.677646	0.000000
METHANOL_TO_HVC	136.334652	152.911937	0.000000
PHS	17.714795	0.000000	0.000000
BATT_LI	0.002284	0.000037	0.000000
BEV_BATT	0.000000	0.000000	0.000000
PHEV_BATT	0.000000	0.000000	0.000000
TS_DEC_DIRECT_ELEC	0.001418	0.000124	0.000000
TS_DEC_HP_ELEC	319.819547	27.902277	0.000000
TS_DEC_THHP_GAS	0.001134	0.000099	0.000000
TS_DEC_COGEN_GAS	0.001133	0.000099	0.000000
TS_DEC_COGEN_OIL	0.001133	0.000099	0.000000
TS_DEC_ADVCOGEN_GAS	0.001132	0.000099	0.000000
TS_DEC_ADVCOGEN_H2	0.001132	0.000099	0.000000
TS_DEC_BOILER_GAS	0.001138	0.000099	0.000000
TS_DEC_BOILER_WOOD	0.001139	0.000099	0.000000
TS_DEC_BOILER_OIL	0.001138	0.000099	0.000000
TS_DHN_DAILY	0.001155	0.000057	0.000000
TS_DHN_SEASONAL	965.427486	74.311438	0.000000
TS_HIGH_TEMP	0.000000	0.000000	0.000000
GAS_STORAGE	0.000000	32.825763	0.000000
H2_STORAGE	0.000000	19.449986	0.000000
DIESEL_STORAGE	0.000000	17.316746	0.000000
GASOLINE_STORAGE	0.000000	17.350839	0.000000
LFO_STORAGE	0.000000	18.949808	0.000000
AMMONIA_STORAGE	0.000000	18.028087	0.000000
METHANOL_STORAGE	0.000000	18.542537	0.000000
CO2_STORAGE	0.000000	6.824942	0.000000
JETFUEL_STORAGE	0.000000	5.218228	0.000000
WOOD_STORAGE	0.000000	10.486196	0.000000
EFFICIENCY	5600.000000	0.000000	0.000000
DHN	801.629615	0.000000	0.000000
GRID	9172.169798	0.000000	0.000000
ALKALINE_ELECTROLYSIS	3144.904157	1567.698284	0.000000
HT_ELECTROLYSIS	1.698409	0.846637	0.000000
SMR	0.000184	0.000239	0.000000
BIO_HYDROLYSIS	1715.261455	1213.874955	0.000000
H2_BIOMASS	0.000302	0.000300	0.000000
WOOD_TO_METHANE	0.000467	0.000233	0.000000
CO2_TO_METHANE	0.000231	0.000115	0.000000
E_WOOD_TO_METHANE	123.943260	61.784279	0.000000
BIOMETHANATION	0.000309	0.000154	0.000000
PYROLYSIS_TO_LFO	0.001050	0.000592	0.000000
PYROLYSIS_TO_FUELS	0.000506	0.000285	0.000000
ATM_CCS	0.000000	0.000000	0.000000
INDUSTRY_CCS	342.252406	234.909543	0.000000
WOOD_TO_METHANOL	0.000437	0.000218	0.000000
AMMONIA_TO_H2	0.000149	0.000194	0.000000
E_WOOD_TO_FT	4298.842888	2142.923372	0.000000
WOOD_TO_FT	0.000810	0.000404	0.000000
CO2_TO_FT	0.000526	0.000262	0.000000
REFINERY_JETFUEL	0.000000	0.000000	0.000000
REFINERY_GASOLINE	0.000000	0.000000	0.000000
REFINERY_DIESEL	0.000000	0.000000	0.000000
CEMENT_PROCESS	0.000000	0.000000	0.000000
NATURAL_CO2_SEQUESTRATION	0.000000	0.000000	0.000000
AGRICULTURE_EMISSIONS	0.000000	0.000000	0.000000
BIOMASS_SEQUESTRATION	0.000000	0.000000	0.000000
DAC_HT	0.000373	0.000194	0.000000
DAC_LT	0.000424	0.000211	0.000000
WOOD_GROWTH	0.000000	0.000000	0.000000
WET_BIOMASS_GROWTH	0.000000	0.000000	0.000000
SEQUESTRATION	0.000000	88.775999	0.000000
GHG_EMISSIONS	0.000000	0.000000	0.000000
ELECTRICITY	0.000000	0.000000	0.000000
GASOLINE	0.000000	0.000000	0.000000
DIESEL	0.000000	0.000000	0.000000
BIOETHANOL	0.000000	0.000000	0.000000
BIODIESEL	0.000000	0.000000	0.000000
LFO	0.000000	0.000000	0.000000
GAS	0.000000	0.000000	0.000000
JETFUEL_RE	0.000000	0.000000	0.000000
JETFUEL	0.000000	0.000000	2729.999945
FT_FUEL	0.000000	0.000000	0.000000
GAS_RE	0.000000	0.000000	0.000000
WOOD	0.000000	0.000000	0.000000
WET_BIOMASS	0.000000	0.000000	0.000000
COAL	0.000000	0.000000	0.000000
URANIUM	0.000000	0.000000	5087.405651
WASTE	0.000000	0.000000	1800.965891
H2	0.000000	0.000000	0.000000
H2_RE	0.000000	0.000000	0.000000
AMMONIA	0.000000	0.000000	0.000000
METHANOL	0.000000	0.000000	0.000000
AMMONIA_RE	0.000000	0.000000	0.000000
METHANOL_RE	0.000000	0.000000	0.000000
ELEC_EXPORT	0.000000	0.000000	0.000000
CO2_EMISSIONS	0.000000	0.000000	0.000000
RES_WIND	0.000000	0.000000	0.000000
RES_SOLAR	0.000000	0.000000	0.000000
RES_HYDRO	0.000000	0.000000	0.000000
RES_GEO	0.000000	0.000000	0.000000
CO2_ATMOSPHERE	0.000000	0.000000	0.000000
CO2_CENTRALISED	0.000000	0.000000	0.000000
CO2_CAPTURED	0.000000	0.000000	0.000000
CO2_DECENTRALISED	0.000000	0.000000	0.000000
OTHER_GHG	0.000000	0.000000	0.000000
OLIVE_PITS	0.000000	0.000000	0.936581
APPLES	0.000000	0.000000	0.005070
CEREALSTRAW	0.000000	0.000000	383.968488
CHERRIES	0.000000	0.000000	7.659388
MAIZESTRAW	0.000000	0.000000	90.672400
OLIVES	0.000000	0.000000	0.001546
OSR	0.000000	0.000000	43.704400
RICESTRAW	0.000000	0.000000	3.390987
VINEYARDS	0.000000	0.000000	46.730098
MISCANTHUS	0.000000	0.000000	0.002933
SWITCHGRASS	0.000000	0.000000	0.004569
WILLOW	0.000000	0.000000	0.000727
POPLAR	0.000000	0.000000	0.000574
CP_RES	0.000000	0.000000	1560.615503
FUELWOOD_RES	0.000000	0.000000	459.105697
LANDSCAPECARE	0.000000	0.000000	296.354306
MSW	0.000000	0.000000	7.218956
FUELWOODRW	0.000000	0.000000	353.096698
OTHERSECRESID	0.000000	0.000000	84.729600
SAWDUST	0.000000	0.000000	1.100000
CP_RW	0.000000	0.000000	464.860091
GRASS_FOR_BIOGAS	0.000000	0.000000	2.229981
MAIZE_SILAGE	0.000000	0.000000	8.849098
SUGARBEETTOPS	0.000000	0.000000	5.975998
MANURE_LIQ	0.000000	0.000000	212.098679
MANURE_SOL	0.000000	0.000000	2691.645399
SLUDGE	0.000000	0.000000	0.071329
