Name	C_inv	C_maint	C_op
NUCLEAR	15359.466418	6175.858879	0.000000
CCGT	1481.018478	528.655250	0.000000
CCGT_AMMONIA	0.001693	0.000604	0.000000
COAL_US	0.000000	0.000000	0.000000
COAL_IGCC	0.000000	0.000000	0.000000
PV	1465.455201	2879.634148	0.000000
WIND_ONSHORE	5571.460146	996.141156	0.000000
WIND_OFFSHORE	0.009917	0.001061	0.000000
HYDRO_RIVER	0.020155	0.003949	0.000000
GEOTHERMAL	0.000000	0.000000	0.000000
IND_COGEN_GAS	0.001371	0.001242	0.000000
IND_COGEN_WOOD	0.002599	0.001341	0.000000
IND_COGEN_WASTE	0.002094	0.001088	0.000000
IND_BOILER_GAS	0.001124	0.000254	0.000000
IND_BOILER_WOOD	111.013396	25.030576	0.000000
IND_BOILER_OIL	0.001103	0.000267	0.000000
IND_BOILER_COAL	0.000000	0.000000	0.000000
IND_BOILER_WASTE	123.270934	27.794326	0.000000
IND_DIRECT_ELEC	713.881557	33.614131	0.000000
DHN_HP_ELEC	521.748417	249.347599	0.000000
DHN_COGEN_GAS	0.003017	0.001243	0.000000
DHN_COGEN_WOOD	0.001909	0.000985	0.000000
DHN_COGEN_WASTE	0.001876	0.000974	0.000000
DHN_COGEN_WET_BIOMASS	0.000918	0.001053	0.000000
DHN_COGEN_BIO_HYDROLYSIS	0.002106	0.001068	0.000000
DHN_BOILER_GAS	0.000250	0.000057	0.000000
DHN_BOILER_WOOD	0.000640	0.000144	0.000000
DHN_BOILER_OIL	0.000227	0.000055	0.000000
DHN_DEEP_GEO	0.000000	0.000000	0.000000
DHN_SOLAR	0.001083	0.000020	0.000000
DEC_HP_ELEC	6815.828574	3321.973457	0.000000
DEC_THHP_GAS	0.010353	0.003771	0.000000
DEC_COGEN_GAS	0.002961	0.002372	0.000000
DEC_COGEN_OIL	0.002725	0.002084	0.000000
DEC_ADVCOGEN_GAS	0.003685	0.000856	0.000000
DEC_ADVCOGEN_H2	0.003373	0.000783	0.000000
DEC_BOILER_GAS	0.002138	0.000723	0.000000
DEC_BOILER_WOOD	1077.324375	424.994454	0.000000
DEC_BOILER_OIL	0.001658	0.001121	0.000000
DEC_SOLAR	1.287771	0.178061	0.000000
DEC_DIRECT_ELEC	0.004166	0.000189	0.000000
TRAMWAY_TROLLEY	662.296938	203.622545	0.000000
BUS_COACH_DIESEL	0.622012	0.341342	0.000000
BUS_COACH_HYDIESEL	0.000845	0.000355	0.000000
BUS_COACH_CNG_STOICH	4237.030461	2296.937912	0.000000
BUS_COACH_FC_HYBRIDH2	0.000226	0.000066	0.000000
TRAIN_PUB	0.001294	0.000801	0.000000
CAR_GASOLINE	0.000730	0.000457	0.000000
CAR_DIESEL	0.002896	0.001756	0.000000
CAR_NG	0.001181	0.000716	0.000000
CAR_METHANOL	0.000431	0.000270	0.000000
CAR_HEV	0.000352	0.000293	0.000000
CAR_PHEV	0.090923	0.067773	0.000000
CAR_BEV	96307.546249	16289.792337	0.000000
CAR_FUEL_CELL	0.005978	0.000584	0.000000
PLANE	0.000000	0.000000	0.000000
BOAT_FREIGHT_DIESEL	0.003687	0.003345	0.000000
BOAT_FREIGHT_NG	85.232553	76.384332	0.000000
BOAT_FREIGHT_METHANOL	0.001527	0.001385	0.000000
TRAIN_FREIGHT	111.058411	38.111605	0.000000
TRUCK_DIESEL	2360.294315	1295.248721	0.000000
TRUCK_METHANOL	0.001533	0.000841	0.000000
TRUCK_FUEL_CELL	2142.459945	623.796528	0.000000
TRUCK_ELEC	0.001030	0.000282	0.000000
TRUCK_NG	0.000112	0.000060	0.000000
HABER_BOSCH	414.018769	100.877323	0.000000
CO2_TO_METHANOL	0.001138	0.000567	0.000000
E_WOOD_TO_METHANOL	93.205199	46.461712	0.000000
METHANE_TO_METHANOL	0.001249	0.000704	0.000000
OIL_TO_HVC	87.145707	4.808969	0.000000
GAS_TO_HVC	0.001145	0.000404	0.000000
BIOMASS_TO_HVC	1356.204658	504.227195	0.000000
METHANOL_TO_HVC	0.001887	0.002117	0.000000
PHS	17.714769	0.000000	0.000000
BATT_LI	0.008967	0.000144	0.000000
BEV_BATT	0.000000	0.000000	0.000000
PHEV_BATT	0.000000	0.000000	0.000000
TS_DEC_DIRECT_ELEC	0.005530	0.000482	0.000000
TS_DEC_HP_ELEC	386.728148	33.739638	0.000000
TS_DEC_THHP_GAS	0.004730	0.000413	0.000000
TS_DEC_COGEN_GAS	0.004694	0.000410	0.000000
TS_DEC_COGEN_OIL	0.004696	0.000410	0.000000
TS_DEC_ADVCOGEN_GAS	0.004698	0.000410	0.000000
TS_DEC_ADVCOGEN_H2	0.004697	0.000410	0.000000
TS_DEC_BOILER_GAS	0.004739	0.000413	0.000000
TS_DEC_BOILER_WOOD	18.916044	1.650308	0.000000
TS_DEC_BOILER_OIL	0.004743	0.000414	0.000000
TS_DHN_DAILY	0.004132	0.000203	0.000000
TS_DHN_SEASONAL	836.518245	64.388962	0.000000
TS_HIGH_TEMP	0.000000	0.000000	0.000000
GAS_STORAGE	0.000000	36.258751	0.000000
H2_STORAGE	0.000000	20.595032	0.000000
DIESEL_STORAGE	0.000000	18.781298	0.000000
GASOLINE_STORAGE	0.000000	18.757137	0.000000
LFO_STORAGE	0.000000	20.590936	0.000000
AMMONIA_STORAGE	0.000000	19.493214	0.000000
METHANOL_STORAGE	0.000000	20.077490	0.000000
CO2_STORAGE	0.000000	7.587382	0.000000
JETFUEL_STORAGE	0.000000	5.774149	0.000000
WOOD_STORAGE	0.000000	11.600183	0.000000
EFFICIENCY	5600.000000	0.000000	0.000000
DHN	842.046160	0.000000	0.000000
GRID	9107.238792	0.000000	0.000000
ALKALINE_ELECTROLYSIS	1325.321622	660.657473	0.000000
HT_ELECTROLYSIS	1447.829698	721.726329	0.000000
SMR	0.000863	0.001122	0.000000
BIO_HYDROLYSIS	1715.256312	1213.871315	0.000000
H2_BIOMASS	0.001487	0.001477	0.000000
WOOD_TO_METHANE	0.002284	0.001139	0.000000
CO2_TO_METHANE	0.000987	0.000492	0.000000
E_WOOD_TO_METHANE	443.972378	221.315086	0.000000
BIOMETHANATION	0.001546	0.000771	0.000000
PYROLYSIS_TO_LFO	0.005716	0.003223	0.000000
PYROLYSIS_TO_FUELS	0.002986	0.001683	0.000000
ATM_CCS	0.000000	0.000000	0.000000
INDUSTRY_CCS	342.252466	234.909585	0.000000
WOOD_TO_METHANOL	0.001977	0.000985	0.000000
AMMONIA_TO_H2	0.000665	0.000865	0.000000
E_WOOD_TO_FT	4298.838844	2142.921356	0.000000
WOOD_TO_FT	0.004509	0.002248	0.000000
CO2_TO_FT	0.001729	0.000862	0.000000
REFINERY_JETFUEL	0.000000	0.000000	0.000000
REFINERY_GASOLINE	0.000000	0.000000	0.000000
REFINERY_DIESEL	0.000000	0.000000	0.000000
CEMENT_PROCESS	0.000000	0.000000	0.000000
NATURAL_CO2_SEQUESTRATION	0.000000	0.000000	0.000000
AGRICULTURE_EMISSIONS	0.000000	0.000000	0.000000
BIOMASS_SEQUESTRATION	0.000000	0.000000	0.000000
DAC_HT	0.001672	0.000872	0.000000
DAC_LT	0.001884	0.000939	0.000000
WOOD_GROWTH	0.000000	0.000000	0.000000
WET_BIOMASS_GROWTH	0.000000	0.000000	0.000000
SEQUESTRATION	0.000000	88.775951	0.000000
GHG_EMISSIONS	0.000000	0.000000	0.000000
ELECTRICITY	0.000000	0.000000	0.000000
GASOLINE	0.000000	0.000000	0.000000
DIESEL	0.000000	0.000000	0.000000
BIOETHANOL	0.000000	0.000000	0.000000
BIODIESEL	0.000000	0.000000	0.000000
LFO	0.000000	0.000000	0.000000
GAS	0.000000	0.000000	0.000000
JETFUEL_RE	0.000000	0.000000	0.000000
JETFUEL	0.000000	0.000000	2729.999992
FT_FUEL	0.000000	0.000000	0.000000
GAS_RE	0.000000	0.000000	0.000000
WOOD	0.000000	0.000000	0.000000
WET_BIOMASS	0.000000	0.000000	0.000000
COAL	0.000000	0.000000	0.000000
URANIUM	0.000000	0.000000	5087.405401
WASTE	0.000000	0.000000	1800.965906
H2	0.000000	0.000000	0.000000
H2_RE	0.000000	0.000000	0.000000
AMMONIA	0.000000	0.000000	0.000000
METHANOL	0.000000	0.000000	0.000000
AMMONIA_RE	0.000000	0.000000	0.000000
METHANOL_RE	0.000000	0.000000	0.000000
ELEC_EXPORT	0.000000	0.000000	0.000000
CO2_EMISSIONS	0.000000	0.000000	0.000000
RES_WIND	0.000000	0.000000	0.000000
RES_SOLAR	0.000000	0.000000	0.000000
RES_HYDRO	0.000000	0.000000	0.000000
RES_GEO	0.000000	0.000000	0.000000
CO2_ATMOSPHERE	0.000000	0.000000	0.000000
CO2_CENTRALISED	0.000000	0.000000	0.000000
CO2_CAPTURED	0.000000	0.000000	0.000000
CO2_DECENTRALISED	0.000000	0.000000	0.000000
OTHER_GHG	0.000000	0.000000	0.000000
OLIVE_PITS	0.000000	0.000000	0.936593
APPLES	0.000000	0.000000	2.542350
CEREALSTRAW	0.000000	0.000000	383.968508
CHERRIES	0.000000	0.000000	7.659418
MAIZESTRAW	0.000000	0.000000	90.672408
OLIVES	0.000000	0.000000	4.564218
OSR	0.000000	0.000000	43.704406
RICESTRAW	0.000000	0.000000	3.390995
VINEYARDS	0.000000	0.000000	46.730116
MISCANTHUS	0.000000	0.000000	708.372021
SWITCHGRASS	0.000000	0.000000	679.926031
WILLOW	0.000000	0.000000	319.678616
POPLAR	0.000000	0.000000	0.009587
CP_RES	0.000000	0.000000	1560.615701
FUELWOOD_RES	0.000000	0.000000	459.105711
LANDSCAPECARE	0.000000	0.000000	296.354315
MSW	0.000000	0.000000	7.218956
FUELWOODRW	0.000000	0.000000	353.096711
OTHERSECRESID	0.000000	0.000000	84.729606
SAWDUST	0.000000	0.000000	1.100000
CP_RW	0.000000	0.000000	1962.952819
GRASS_FOR_BIOGAS	0.000000	0.000000	2.229974
MAIZE_SILAGE	0.000000	0.000000	8.849078
SUGARBEETTOPS	0.000000	0.000000	5.975969
MANURE_LIQ	0.000000	0.000000	212.097311
MANURE_SOL	0.000000	0.000000	2691.645403
SLUDGE	0.000000	0.000000	0.071089
