Name	C_inv	C_maint	C_op
NUCLEAR	15359.462495	6175.857302	0.000000
CCGT	1688.659110	602.773373	0.000000
CCGT_AMMONIA	0.003575	0.001276	0.000000
COAL_US	0.000000	0.000000	0.000000
COAL_IGCC	0.000000	0.000000	0.000000
PV	1490.000935	2927.866760	0.000000
WIND_ONSHORE	5571.459536	996.141047	0.000000
WIND_OFFSHORE	0.079124	0.008463	0.000000
HYDRO_RIVER	434.739428	85.186107	0.000000
GEOTHERMAL	0.000000	0.000000	0.000000
IND_COGEN_GAS	0.003356	0.003040	0.000000
IND_COGEN_WOOD	0.007334	0.003784	0.000000
IND_COGEN_WASTE	0.005614	0.002917	0.000000
IND_BOILER_GAS	0.002292	0.000518	0.000000
IND_BOILER_WOOD	117.792724	26.559135	0.000000
IND_BOILER_OIL	0.002259	0.000548	0.000000
IND_BOILER_COAL	0.000000	0.000000	0.000000
IND_BOILER_WASTE	125.707938	28.343806	0.000000
IND_DIRECT_ELEC	741.958942	34.936194	0.000000
DHN_HP_ELEC	522.938670	249.916430	0.000000
DHN_COGEN_GAS	0.007358	0.003032	0.000000
DHN_COGEN_WOOD	0.005020	0.002591	0.000000
DHN_COGEN_WASTE	0.004959	0.002576	0.000000
DHN_COGEN_WET_BIOMASS	0.002203	0.002527	0.000000
DHN_COGEN_BIO_HYDROLYSIS	0.005678	0.002880	0.000000
DHN_BOILER_GAS	0.000572	0.000129	0.000000
DHN_BOILER_WOOD	0.001607	0.000362	0.000000
DHN_BOILER_OIL	0.000541	0.000131	0.000000
DHN_DEEP_GEO	0.000000	0.000000	0.000000
DHN_SOLAR	0.005258	0.000095	0.000000
DEC_HP_ELEC	7388.612884	3601.143371	0.000000
DEC_THHP_GAS	0.026651	0.009707	0.000000
DEC_COGEN_GAS	0.007630	0.006112	0.000000
DEC_COGEN_OIL	0.006999	0.005351	0.000000
DEC_ADVCOGEN_GAS	0.008964	0.002082	0.000000
DEC_ADVCOGEN_H2	0.008008	0.001860	0.000000
DEC_BOILER_GAS	0.004451	0.001506	0.000000
DEC_BOILER_WOOD	489.268869	193.012022	0.000000
DEC_BOILER_OIL	0.003517	0.002378	0.000000
DEC_SOLAR	69.304718	9.582815	0.000000
DEC_DIRECT_ELEC	0.006858	0.000311	0.000000
TRAMWAY_TROLLEY	662.296924	203.622541	0.000000
BUS_COACH_DIESEL	0.166212	0.091212	0.000000
BUS_COACH_HYDIESEL	0.006000	0.002524	0.000000
BUS_COACH_CNG_STOICH	4237.376612	2297.125564	0.000000
BUS_COACH_FC_HYBRIDH2	0.000725	0.000211	0.000000
TRAIN_PUB	0.187735	0.116260	0.000000
CAR_GASOLINE	0.001673	0.001049	0.000000
CAR_DIESEL	0.007428	0.004503	0.000000
CAR_NG	0.002446	0.001482	0.000000
CAR_METHANOL	0.000835	0.000523	0.000000
CAR_HEV	0.000574	0.000478	0.000000
CAR_PHEV	0.186093	0.138710	0.000000
CAR_BEV	96307.479500	16289.781047	0.000000
CAR_FUEL_CELL	0.014832	0.001450	0.000000
PLANE	0.000000	0.000000	0.000000
BOAT_FREIGHT_DIESEL	0.008480	0.007693	0.000000
BOAT_FREIGHT_NG	85.225028	76.377587	0.000000
BOAT_FREIGHT_METHANOL	0.004079	0.003701	0.000000
TRAIN_FREIGHT	111.058301	38.111568	0.000000
TRUCK_DIESEL	2360.680024	1295.460385	0.000000
TRUCK_METHANOL	0.010207	0.005601	0.000000
TRUCK_FUEL_CELL	2141.975734	623.655546	0.000000
TRUCK_ELEC	0.008246	0.002254	0.000000
TRUCK_NG	0.000374	0.000203	0.000000
HABER_BOSCH	415.446020	101.225079	0.000000
CO2_TO_METHANOL	0.002608	0.001300	0.000000
E_WOOD_TO_METHANOL	93.216540	46.467365	0.000000
METHANE_TO_METHANOL	0.002868	0.001617	0.000000
OIL_TO_HVC	87.146286	4.809001	0.000000
GAS_TO_HVC	0.002459	0.000867	0.000000
BIOMASS_TO_HVC	1356.190628	504.221979	0.000000
METHANOL_TO_HVC	0.004898	0.005493	0.000000
PHS	17.714739	0.000000	0.000000
BATT_LI	0.021828	0.000350	0.000000
BEV_BATT	0.000000	0.000000	0.000000
PHEV_BATT	0.000000	0.000000	0.000000
TS_DEC_DIRECT_ELEC	0.010655	0.000930	0.000000
TS_DEC_HP_ELEC	408.849222	35.669565	0.000000
TS_DEC_THHP_GAS	0.009863	0.000861	0.000000
TS_DEC_COGEN_GAS	0.009852	0.000860	0.000000
TS_DEC_COGEN_OIL	0.009869	0.000861	0.000000
TS_DEC_ADVCOGEN_GAS	0.009841	0.000859	0.000000
TS_DEC_ADVCOGEN_H2	0.009843	0.000859	0.000000
TS_DEC_BOILER_GAS	0.009919	0.000865	0.000000
TS_DEC_BOILER_WOOD	9.772755	0.852612	0.000000
TS_DEC_BOILER_OIL	0.009947	0.000868	0.000000
TS_DHN_DAILY	0.009563	0.000470	0.000000
TS_DHN_SEASONAL	837.944746	64.498763	0.000000
TS_HIGH_TEMP	0.000000	0.000000	0.000000
GAS_STORAGE	0.000000	35.330938	0.000000
H2_STORAGE	0.000000	19.791436	0.000000
DIESEL_STORAGE	0.000000	18.339005	0.000000
GASOLINE_STORAGE	0.000000	18.290161	0.000000
LFO_STORAGE	0.000000	20.104626	0.000000
AMMONIA_STORAGE	0.000000	19.031764	0.000000
METHANOL_STORAGE	0.000000	19.564309	0.000000
CO2_STORAGE	0.000000	7.430977	0.000000
JETFUEL_STORAGE	0.000000	5.652966	0.000000
WOOD_STORAGE	0.000000	11.349162	0.000000
EFFICIENCY	5600.000000	0.000000	0.000000
DHN	844.025149	0.000000	0.000000
GRID	9172.171956	0.000000	0.000000
ALKALINE_ELECTROLYSIS	1190.162700	593.282316	0.000000
HT_ELECTROLYSIS	1689.124568	842.009026	0.000000
SMR	0.001960	0.002549	0.000000
BIO_HYDROLYSIS	1715.245690	1213.863797	0.000000
H2_BIOMASS	0.003991	0.003963	0.000000
WOOD_TO_METHANE	0.006463	0.003222	0.000000
CO2_TO_METHANE	0.002191	0.001092	0.000000
E_WOOD_TO_METHANE	510.272545	254.364952	0.000000
BIOMETHANATION	0.003928	0.001958	0.000000
PYROLYSIS_TO_LFO	0.018841	0.010622	0.000000
PYROLYSIS_TO_FUELS	0.008784	0.004952	0.000000
ATM_CCS	0.000000	0.000000	0.000000
INDUSTRY_CCS	342.251020	234.908592	0.000000
WOOD_TO_METHANOL	0.005102	0.002543	0.000000
AMMONIA_TO_H2	0.001482	0.001927	0.000000
E_WOOD_TO_FT	4298.829686	2142.916791	0.000000
WOOD_TO_FT	0.013195	0.006577	0.000000
CO2_TO_FT	0.003899	0.001944	0.000000
REFINERY_JETFUEL	0.000000	0.000000	0.000000
REFINERY_GASOLINE	0.000000	0.000000	0.000000
REFINERY_DIESEL	0.000000	0.000000	0.000000
CEMENT_PROCESS	0.000000	0.000000	0.000000
NATURAL_CO2_SEQUESTRATION	0.000000	0.000000	0.000000
AGRICULTURE_EMISSIONS	0.000000	0.000000	0.000000
BIOMASS_SEQUESTRATION	0.000000	0.000000	0.000000
DAC_HT	0.004217	0.002199	0.000000
DAC_LT	0.004662	0.002324	0.000000
WOOD_GROWTH	0.000000	0.000000	0.000000
WET_BIOMASS_GROWTH	0.000000	0.000000	0.000000
SEQUESTRATION	0.000000	88.775815	0.000000
GHG_EMISSIONS	0.000000	0.000000	0.000000
ELECTRICITY	0.000000	0.000000	0.000000
GASOLINE	0.000000	0.000000	0.000000
DIESEL	0.000000	0.000000	0.000000
BIOETHANOL	0.000000	0.000000	0.000000
BIODIESEL	0.000000	0.000000	0.000000
LFO	0.000000	0.000000	0.000000
GAS	0.000000	0.000000	0.000000
JETFUEL_RE	0.000000	0.000000	0.000000
JETFUEL	0.000000	0.000000	2729.999944
FT_FUEL	0.000000	0.000000	0.000000
GAS_RE	0.000000	0.000000	0.000000
WOOD	0.000000	0.000000	0.000000
WET_BIOMASS	0.000000	0.000000	0.000000
COAL	0.000000	0.000000	0.000000
URANIUM	0.000000	0.000000	5087.404002
WASTE	0.000000	0.000000	1800.965915
H2	0.000000	0.000000	0.000000
H2_RE	0.000000	0.000000	0.000000
AMMONIA	0.000000	0.000000	0.000000
METHANOL	0.000000	0.000000	0.000000
AMMONIA_RE	0.000000	0.000000	0.000000
METHANOL_RE	0.000000	0.000000	0.000000
ELEC_EXPORT	0.000000	0.000000	0.000000
CO2_EMISSIONS	0.000000	0.000000	0.000000
RES_WIND	0.000000	0.000000	0.000000
RES_SOLAR	0.000000	0.000000	0.000000
RES_HYDRO	0.000000	0.000000	0.000000
RES_GEO	0.000000	0.000000	0.000000
CO2_ATMOSPHERE	0.000000	0.000000	0.000000
CO2_CENTRALISED	0.000000	0.000000	0.000000
CO2_CAPTURED	0.000000	0.000000	0.000000
CO2_DECENTRALISED	0.000000	0.000000	0.000000
OTHER_GHG	0.000000	0.000000	0.000000
OLIVE_PITS	0.000000	0.000000	0.936592
APPLES	0.000000	0.000000	0.062031
CEREALSTRAW	0.000000	0.000000	383.968506
CHERRIES	0.000000	0.000000	7.659350
MAIZESTRAW	0.000000	0.000000	90.672404
OLIVES	0.000000	0.000000	0.051197
OSR	0.000000	0.000000	43.704404
RICESTRAW	0.000000	0.000000	3.390994
VINEYARDS	0.000000	0.000000	46.730091
MISCANTHUS	0.000000	0.000000	161.537042
SWITCHGRASS	0.000000	0.000000	679.925817
WILLOW	0.000000	0.000000	0.012512
POPLAR	0.000000	0.000000	0.008056
CP_RES	0.000000	0.000000	1560.615655
FUELWOOD_RES	0.000000	0.000000	459.105704
LANDSCAPECARE	0.000000	0.000000	296.354312
MSW	0.000000	0.000000	7.218956
FUELWOODRW	0.000000	0.000000	353.096704
OTHERSECRESID	0.000000	0.000000	84.729605
SAWDUST	0.000000	0.000000	1.100000
CP_RW	0.000000	0.000000	1962.952275
GRASS_FOR_BIOGAS	0.000000	0.000000	2.229969
MAIZE_SILAGE	0.000000	0.000000	8.849049
SUGARBEETTOPS	0.000000	0.000000	5.975954
MANURE_LIQ	0.000000	0.000000	212.096680
MANURE_SOL	0.000000	0.000000	2691.645342
SLUDGE	0.000000	0.000000	0.071189
