Name	C_inv	C_maint	C_op
NUCLEAR	15359.466782	6175.859026	0.000000
CCGT	1347.864369	481.125378	0.000000
CCGT_AMMONIA	0.001671	0.000596	0.000000
COAL_US	0.000000	0.000000	0.000000
COAL_IGCC	0.000000	0.000000	0.000000
PV	1490.001601	2927.868069	0.000000
WIND_ONSHORE	5571.460101	996.141148	0.000000
WIND_OFFSHORE	3023.695200	323.395515	0.000000
HYDRO_RIVER	5663.687163	1109.785377	0.000000
GEOTHERMAL	0.000000	0.000000	0.000000
IND_COGEN_GAS	0.002173	0.001968	0.000000
IND_COGEN_WOOD	0.002021	0.001043	0.000000
IND_COGEN_WASTE	0.002328	0.001209	0.000000
IND_BOILER_GAS	0.001360	0.000307	0.000000
IND_BOILER_WOOD	0.001761	0.000397	0.000000
IND_BOILER_OIL	0.001307	0.000317	0.000000
IND_BOILER_COAL	0.000000	0.000000	0.000000
IND_BOILER_WASTE	196.344375	44.270449	0.000000
IND_DIRECT_ELEC	598.384281	28.175777	0.000000
DHN_HP_ELEC	494.537445	236.343266	0.000000
DHN_COGEN_GAS	0.003397	0.001400	0.000000
DHN_COGEN_WOOD	0.001454	0.000750	0.000000
DHN_COGEN_WASTE	0.001955	0.001016	0.000000
DHN_COGEN_WET_BIOMASS	0.000999	0.001145	0.000000
DHN_COGEN_BIO_HYDROLYSIS	0.002714	0.001376	0.000000
DHN_BOILER_GAS	0.000352	0.000079	0.000000
DHN_BOILER_WOOD	0.000520	0.000117	0.000000
DHN_BOILER_OIL	0.000318	0.000077	0.000000
DHN_DEEP_GEO	0.000000	0.000000	0.000000
DHN_SOLAR	0.001868	0.000034	0.000000
DEC_HP_ELEC	7873.389016	3837.418891	0.000000
DEC_THHP_GAS	0.005490	0.002000	0.000000
DEC_COGEN_GAS	0.003316	0.002656	0.000000
DEC_COGEN_OIL	0.002223	0.001700	0.000000
DEC_ADVCOGEN_GAS	0.004538	0.001054	0.000000
DEC_ADVCOGEN_H2	0.004032	0.000937	0.000000
DEC_BOILER_GAS	0.002674	0.000905	0.000000
DEC_BOILER_WOOD	0.003675	0.001450	0.000000
DEC_BOILER_OIL	0.002052	0.001388	0.000000
DEC_SOLAR	0.042306	0.005850	0.000000
DEC_DIRECT_ELEC	0.004664	0.000212	0.000000
TRAMWAY_TROLLEY	662.296954	203.622550	0.000000
BUS_COACH_DIESEL	0.793178	0.435272	0.000000
BUS_COACH_HYDIESEL	0.003242	0.001364	0.000000
BUS_COACH_CNG_STOICH	1658.157293	898.904170	0.000000
BUS_COACH_FC_HYBRIDH2	0.002256	0.000657	0.000000
TRAIN_PUB	4332.673417	2683.124915	0.000000
CAR_GASOLINE	0.000448	0.000281	0.000000
CAR_DIESEL	0.000748	0.000454	0.000000
CAR_NG	0.001387	0.000841	0.000000
CAR_METHANOL	0.000364	0.000228	0.000000
CAR_HEV	0.000393	0.000327	0.000000
CAR_PHEV	0.133689	0.099649	0.000000
CAR_BEV	96307.517188	16289.787422	0.000000
CAR_FUEL_CELL	0.007283	0.000712	0.000000
PLANE	0.000000	0.000000	0.000000
BOAT_FREIGHT_DIESEL	0.004405	0.003996	0.000000
BOAT_FREIGHT_NG	85.232910	76.384651	0.000000
BOAT_FREIGHT_METHANOL	0.001149	0.001043	0.000000
TRAIN_FREIGHT	111.058377	38.111594	0.000000
TRUCK_DIESEL	2360.106462	1295.145634	0.000000
TRUCK_METHANOL	0.000292	0.000160	0.000000
TRUCK_FUEL_CELL	2142.693053	623.864400	0.000000
TRUCK_ELEC	0.000107	0.000029	0.000000
TRUCK_NG	0.000131	0.000071	0.000000
HABER_BOSCH	416.186546	101.405511	0.000000
CO2_TO_METHANOL	0.001627	0.000811	0.000000
E_WOOD_TO_METHANOL	684.327087	341.129124	0.000000
METHANE_TO_METHANOL	0.001918	0.001081	0.000000
OIL_TO_HVC	87.145628	4.808964	0.000000
GAS_TO_HVC	0.001663	0.000586	0.000000
BIOMASS_TO_HVC	0.004667	0.001735	0.000000
METHANOL_TO_HVC	324.950146	364.461681	0.000000
PHS	17.714755	0.000000	0.000000
BATT_LI	0.011634	0.000187	0.000000
BEV_BATT	0.000000	0.000000	0.000000
PHEV_BATT	0.000000	0.000000	0.000000
TS_DEC_DIRECT_ELEC	0.007752	0.000676	0.000000
TS_DEC_HP_ELEC	288.583365	25.177113	0.000000
TS_DEC_THHP_GAS	0.007265	0.000634	0.000000
TS_DEC_COGEN_GAS	0.007272	0.000634	0.000000
TS_DEC_COGEN_OIL	0.007278	0.000635	0.000000
TS_DEC_ADVCOGEN_GAS	0.007271	0.000634	0.000000
TS_DEC_ADVCOGEN_H2	0.007274	0.000635	0.000000
TS_DEC_BOILER_GAS	0.007285	0.000636	0.000000
TS_DEC_BOILER_WOOD	0.007321	0.000639	0.000000
TS_DEC_BOILER_OIL	0.007304	0.000637	0.000000
TS_DHN_DAILY	0.007535	0.000371	0.000000
TS_DHN_SEASONAL	963.463497	74.160265	0.000000
TS_HIGH_TEMP	0.000000	0.000000	0.000000
GAS_STORAGE	0.000000	33.962619	0.000000
H2_STORAGE	0.000000	19.380539	0.000000
DIESEL_STORAGE	0.000000	17.889016	0.000000
GASOLINE_STORAGE	0.000000	17.869871	0.000000
LFO_STORAGE	0.000000	19.589602	0.000000
AMMONIA_STORAGE	0.000000	18.582385	0.000000
METHANOL_STORAGE	0.000000	19.104502	0.000000
CO2_STORAGE	0.000000	7.122189	0.000000
JETFUEL_STORAGE	0.000000	5.434353	0.000000
WOOD_STORAGE	0.000000	10.916464	0.000000
EFFICIENCY	5600.000000	0.000000	0.000000
DHN	813.847678	0.000000	0.000000
GRID	9335.012659	0.000000	0.000000
ALKALINE_ELECTROLYSIS	3314.089288	1652.035112	0.000000
HT_ELECTROLYSIS	0.026831	0.013375	0.000000
SMR	0.001210	0.001574	0.000000
BIO_HYDROLYSIS	1715.257301	1213.872014	0.000000
H2_BIOMASS	0.001657	0.001645	0.000000
WOOD_TO_METHANE	0.002333	0.001163	0.000000
CO2_TO_METHANE	0.001362	0.000679	0.000000
E_WOOD_TO_METHANE	0.002580	0.001286	0.000000
BIOMETHANATION	0.001895	0.000944	0.000000
PYROLYSIS_TO_LFO	0.004424	0.002494	0.000000
PYROLYSIS_TO_FUELS	0.002096	0.001181	0.000000
ATM_CCS	0.000000	0.000000	0.000000
INDUSTRY_CCS	379.622103	260.558738	0.000000
WOOD_TO_METHANOL	0.002580	0.001286	0.000000
AMMONIA_TO_H2	0.000949	0.001235	0.000000
E_WOOD_TO_FT	4024.293195	2006.063531	0.000000
WOOD_TO_FT	0.003709	0.001849	0.000000
CO2_TO_FT	49.367033	24.608894	0.000000
REFINERY_JETFUEL	0.000000	0.000000	0.000000
REFINERY_GASOLINE	0.000000	0.000000	0.000000
REFINERY_DIESEL	0.000000	0.000000	0.000000
CEMENT_PROCESS	0.000000	0.000000	0.000000
NATURAL_CO2_SEQUESTRATION	0.000000	0.000000	0.000000
AGRICULTURE_EMISSIONS	0.000000	0.000000	0.000000
BIOMASS_SEQUESTRATION	0.000000	0.000000	0.000000
DAC_HT	0.002358	0.001230	0.000000
DAC_LT	0.002409	0.001201	0.000000
WOOD_GROWTH	0.000000	0.000000	0.000000
WET_BIOMASS_GROWTH	0.000000	0.000000	0.000000
SEQUESTRATION	0.000000	88.775987	0.000000
GHG_EMISSIONS	0.000000	0.000000	0.000000
ELECTRICITY	0.000000	0.000000	0.000000
GASOLINE	0.000000	0.000000	0.000000
DIESEL	0.000000	0.000000	0.000000
BIOETHANOL	0.000000	0.000000	0.000000
BIODIESEL	0.000000	0.000000	0.000000
LFO	0.000000	0.000000	0.000000
GAS	0.000000	0.000000	0.000000
JETFUEL_RE	0.000000	0.000000	0.000000
JETFUEL	0.000000	0.000000	2729.999864
FT_FUEL	0.000000	0.000000	0.000000
GAS_RE	0.000000	0.000000	0.000000
WOOD	0.000000	0.000000	0.000000
WET_BIOMASS	0.000000	0.000000	0.000000
COAL	0.000000	0.000000	0.000000
URANIUM	0.000000	0.000000	5087.405525
WASTE	0.000000	0.000000	1800.965914
H2	0.000000	0.000000	0.000000
H2_RE	0.000000	0.000000	0.000000
AMMONIA	0.000000	0.000000	0.000000
METHANOL	0.000000	0.000000	0.000000
AMMONIA_RE	0.000000	0.000000	0.000000
METHANOL_RE	0.000000	0.000000	0.000000
ELEC_EXPORT	0.000000	0.000000	0.000000
CO2_EMISSIONS	0.000000	0.000000	0.000000
RES_WIND	0.000000	0.000000	0.000000
RES_SOLAR	0.000000	0.000000	0.000000
RES_HYDRO	0.000000	0.000000	0.000000
RES_GEO	0.000000	0.000000	0.000000
CO2_ATMOSPHERE	0.000000	0.000000	0.000000
CO2_CENTRALISED	0.000000	0.000000	0.000000
CO2_CAPTURED	0.000000	0.000000	0.000000
CO2_DECENTRALISED	0.000000	0.000000	0.000000
OTHER_GHG	0.000000	0.000000	0.000000
OLIVE_PITS	0.000000	0.000000	0.936553
APPLES	0.000000	0.000000	0.008699
CEREALSTRAW	0.000000	0.000000	383.968096
CHERRIES	0.000000	0.000000	0.008047
MAIZESTRAW	0.000000	0.000000	90.672398
OLIVES	0.000000	0.000000	0.005285
OSR	0.000000	0.000000	43.704402
RICESTRAW	0.000000	0.000000	3.390979
VINEYARDS	0.000000	0.000000	0.014614
MISCANTHUS	0.000000	0.000000	0.002721
SWITCHGRASS	0.000000	0.000000	0.002742
WILLOW	0.000000	0.000000	0.002868
POPLAR	0.000000	0.000000	0.002295
CP_RES	0.000000	0.000000	532.030627
FUELWOOD_RES	0.000000	0.000000	459.105045
LANDSCAPECARE	0.000000	0.000000	296.354310
MSW	0.000000	0.000000	7.218955
FUELWOODRW	0.000000	0.000000	353.096684
OTHERSECRESID	0.000000	0.000000	84.729605
SAWDUST	0.000000	0.000000	1.100000
CP_RW	0.000000	0.000000	0.006045
GRASS_FOR_BIOGAS	0.000000	0.000000	2.229978
MAIZE_SILAGE	0.000000	0.000000	8.849087
SUGARBEETTOPS	0.000000	0.000000	5.975984
MANURE_LIQ	0.000000	0.000000	212.098411
MANURE_SOL	0.000000	0.000000	2691.645433
SLUDGE	0.000000	0.000000	0.071171
